
ZAI = [
902320
902330
912320
912330
912340
922320
922330
922340
922350
922360
942390
36
54
34
41
42
43
44
45
46
47
51
52
666
0
];

NAMES = [
'Th232           '
'Th233           '
'Pa232           '
'Pa233           '
'Pa234           '
'U232            '
'U233            '
'U234            '
'U235            '
'U236            '
'Pu239           '
'krypton         '
'xenon           '
'selenium        '
'niobium         '
'molybdenum      '
'technetium      '
'ruthenium       '
'rhodium         '
'palladium       '
'silver          '
'antimony        '
'tellurium       '
'lost            '
'total           '
];

i902320 = 1; iTh232            = 1;
i902330 = 2; iTh233            = 2;
i912320 = 3; iPa232            = 3;
i912330 = 4; iPa233            = 4;
i912340 = 5; iPa234            = 5;
i922320 = 6; iU232             = 6;
i922330 = 7; iU233             = 7;
i922340 = 8; iU234             = 8;
i922350 = 9; iU235             = 9;
i922360 = 10; iU236             = 10;
i942390 = 11; iPu239            = 11;
i36     = 12; ikrypton          = 12;
i54     = 13; ixenon            = 13;
i34     = 14; iselenium         = 14;
i41     = 15; iniobium          = 15;
i42     = 16; imolybdenum       = 16;
i43     = 17; itechnetium       = 17;
i44     = 18; iruthenium        = 18;
i45     = 19; irhodium          = 19;
i46     = 20; ipalladium        = 20;
i47     = 21; isilver           = 21;
i51     = 22; iantimony         = 22;
i52     = 23; itellurium        = 23;
iLOST    = 24;
iTOT     = 25;

MAT_fuel_VOLUME = [ 1.95057E+07 1.95057E+07 1.95057E+07 ];

MAT_fuel_BURNUP = [ 0.00000E+00 2.37721E-01 4.75441E-01 ];

MAT_fuel_ADENS = [
3.71610E-03 3.71496E-03 3.71380E-03 % Th232
0.00000E+00 8.26824E-09 8.48172E-09 % Th233
0.00000E+00 1.46405E-12 6.11552E-12 % Pa232
0.00000E+00 1.08166E-06 2.11391E-06 % Pa233
0.00000E+00 2.78214E-10 6.06758E-10 % Pa234
0.00000E+00 2.59317E-12 1.02575E-11 % U232
6.19351E-05 6.09429E-05 6.00317E-05 % U233
0.00000E+00 1.12476E-07 2.29873E-07 % U234
0.00000E+00 2.66429E-10 1.10075E-09 % U235
0.00000E+00 2.41813E-13 2.01031E-12 % U236
0.00000E+00 6.96315E-24 1.10563E-21 % Pu239
0.00000E+00 6.17103E-08 1.19151E-07 % krypton
0.00000E+00 2.12452E-07 4.59490E-07 % xenon
0.00000E+00 9.58732E-09 1.92277E-08 % selenium
0.00000E+00 1.86212E-09 4.58080E-09 % niobium
0.00000E+00 1.47474E-07 2.90516E-07 % molybdenum
0.00000E+00 1.37867E-08 4.42088E-08 % technetium
0.00000E+00 7.70440E-08 1.53451E-07 % ruthenium
0.00000E+00 2.42520E-09 3.93446E-09 % rhodium
0.00000E+00 4.45053E-09 1.08388E-08 % palladium
0.00000E+00 4.77982E-10 9.92123E-10 % silver
0.00000E+00 7.58975E-09 1.10599E-08 % antimony
0.00000E+00 6.51180E-08 1.10613E-07 % tellurium
0.00000E+00 9.56193E-15 1.96027E-14 % lost data
7.82274E-02 7.82284E-02 7.82294E-02 % total
];

MAT_fuel_MDENS = [
1.43187E+00 1.43143E+00 1.43098E+00 % Th232
0.00000E+00 3.19966E-06 3.28227E-06 % Th233
0.00000E+00 5.64121E-10 2.35640E-09 % Pa232
0.00000E+00 4.18580E-04 8.18036E-04 % Pa233
0.00000E+00 1.08126E-07 2.35813E-07 % Pa234
0.00000E+00 9.99182E-10 3.95234E-09 % U232
2.39675E-02 2.35836E-02 2.32309E-02 % U233
0.00000E+00 4.37129E-05 8.93380E-05 % U234
0.00000E+00 1.03989E-07 4.29629E-07 % U235
0.00000E+00 9.47834E-11 7.87981E-10 % U236
0.00000E+00 2.76411E-21 4.38891E-19 % Pu239
0.00000E+00 8.70622E-06 1.67917E-05 % krypton
0.00000E+00 4.75021E-05 1.02619E-04 % xenon
0.00000E+00 1.28673E-06 2.57938E-06 % selenium
0.00000E+00 2.96602E-07 7.25230E-07 % niobium
0.00000E+00 2.41236E-05 4.74759E-05 % molybdenum
0.00000E+00 2.26540E-06 7.26193E-06 % technetium
0.00000E+00 1.30598E-05 2.60079E-05 % ruthenium
0.00000E+00 4.21239E-07 6.80493E-07 % rhodium
0.00000E+00 7.87543E-07 1.91227E-06 % palladium
0.00000E+00 8.71643E-08 1.80616E-07 % silver
0.00000E+00 1.60262E-06 2.32781E-06 % antimony
0.00000E+00 1.41461E-05 2.39900E-05 % tellurium
0.00000E+00 0.00000E+00 0.00000E+00 % lost data
3.28000E+00 3.28000E+00 3.28000E+00 % total
];

MAT_fuel_A = [
1.13317E+11 1.13282E+11 1.13247E+11 % Th232
0.00000E+00 8.53483E+19 8.75520E+19 % Th233
0.00000E+00 1.74887E+14 7.30526E+14 % Pa232
0.00000E+00 6.27485E+18 1.22630E+19 % Pa233
0.00000E+00 1.55951E+17 3.40115E+17 % Pa234
0.00000E+00 1.61248E+10 6.37829E+10 % U232
1.66678E+14 1.64008E+14 1.61555E+14 % U233
0.00000E+00 1.96288E+11 4.01162E+11 % U234
0.00000E+00 1.62141E+05 6.69884E+05 % U235
0.00000E+00 4.42361E+03 3.67757E+04 % U236
0.00000E+00 1.23735E-04 1.96469E-02 % Pu239
0.00000E+00 1.69292E+19 1.69500E+19 % krypton
0.00000E+00 1.34275E+19 1.44847E+19 % xenon
0.00000E+00 3.85301E+18 3.85931E+18 % selenium
0.00000E+00 1.64536E+19 1.66328E+19 % niobium
0.00000E+00 7.88344E+18 8.74050E+18 % molybdenum
0.00000E+00 7.73090E+18 8.56512E+18 % technetium
0.00000E+00 6.10796E+17 6.66203E+17 % ruthenium
0.00000E+00 6.60890E+17 7.73088E+17 % rhodium
0.00000E+00 9.82611E+16 1.00458E+17 % palladium
0.00000E+00 1.31797E+17 1.37509E+17 % silver
0.00000E+00 6.00314E+18 6.10819E+18 % antimony
0.00000E+00 1.37853E+19 1.48741E+19 % tellurium
0.00000E+00 0.00000E+00 0.00000E+00 % lost data
1.66791E+14 3.73348E+20 3.91914E+20 % total
];

MAT_fuel_H = [
7.40355E-02 7.40128E-02 7.39895E-02 % Th232
0.00000E+00 6.15267E+06 6.31153E+06 % Th233
0.00000E+00 3.08777E+01 1.28980E+02 % Pa232
0.00000E+00 4.11564E+05 8.04325E+05 % Pa233
0.00000E+00 3.65559E+04 7.97249E+04 % Pa234
0.00000E+00 1.39745E-02 5.52771E-02 % U232
1.31081E+02 1.28981E+02 1.27052E+02 % U233
0.00000E+00 1.52645E-01 3.11967E-01 % U234
0.00000E+00 1.19826E-07 4.95062E-07 % U235
0.00000E+00 3.23595E-09 2.69021E-08 % U236
0.00000E+00 1.03906E-16 1.64984E-14 % Pu239
0.00000E+00 6.83051E+06 6.83905E+06 % krypton
0.00000E+00 4.03106E+06 4.06699E+06 % xenon
0.00000E+00 1.59502E+06 1.59798E+06 % selenium
0.00000E+00 6.31378E+06 6.34902E+06 % niobium
0.00000E+00 1.74445E+06 1.81893E+06 % molybdenum
0.00000E+00 1.76422E+06 1.78590E+06 % technetium
0.00000E+00 1.26075E+05 1.31448E+05 % ruthenium
0.00000E+00 1.01422E+05 1.07915E+05 % rhodium
0.00000E+00 1.82380E+04 1.84408E+04 % palladium
0.00000E+00 3.41662E+04 3.49978E+04 % silver
0.00000E+00 2.61616E+06 2.63586E+06 % antimony
0.00000E+00 3.22843E+06 3.31625E+06 % tellurium
0.00000E+00 0.00000E+00 0.00000E+00 % lost data
1.31155E+02 1.14434E+08 1.16568E+08 % total
];

MAT_fuel_SF = [
1.13317E+00 1.13282E+00 1.13247E+00 % Th232
0.00000E+00 0.00000E+00 0.00000E+00 % Th233
0.00000E+00 0.00000E+00 0.00000E+00 % Pa232
0.00000E+00 0.00000E+00 0.00000E+00 % Pa233
0.00000E+00 0.00000E+00 0.00000E+00 % Pa234
0.00000E+00 1.45123E-02 5.74046E-02 % U232
0.00000E+00 0.00000E+00 0.00000E+00 % U233
0.00000E+00 3.33689E+00 6.81975E+00 % U234
0.00000E+00 1.16742E-05 4.82316E-05 % U235
0.00000E+00 3.98125E-06 3.30981E-05 % U236
0.00000E+00 3.83578E-16 6.09054E-14 % Pu239
0.00000E+00 0.00000E+00 0.00000E+00 % krypton
0.00000E+00 0.00000E+00 0.00000E+00 % xenon
0.00000E+00 0.00000E+00 0.00000E+00 % selenium
0.00000E+00 0.00000E+00 0.00000E+00 % niobium
0.00000E+00 0.00000E+00 0.00000E+00 % molybdenum
0.00000E+00 0.00000E+00 0.00000E+00 % technetium
0.00000E+00 0.00000E+00 0.00000E+00 % ruthenium
0.00000E+00 0.00000E+00 0.00000E+00 % rhodium
0.00000E+00 0.00000E+00 0.00000E+00 % palladium
0.00000E+00 0.00000E+00 0.00000E+00 % silver
0.00000E+00 0.00000E+00 0.00000E+00 % antimony
0.00000E+00 0.00000E+00 0.00000E+00 % tellurium
0.00000E+00 0.00000E+00 0.00000E+00 % lost data
1.13317E+00 4.49579E+00 8.04085E+00 % total
];

