
ZAI = [
902320
902330
912320
912330
912340
922320
922330
922340
922350
922360
942390
36
54
34
41
42
43
44
45
46
47
51
52
666
0
];

NAMES = [
'Th232           '
'Th233           '
'Pa232           '
'Pa233           '
'Pa234           '
'U232            '
'U233            '
'U234            '
'U235            '
'U236            '
'Pu239           '
'krypton         '
'xenon           '
'selenium        '
'niobium         '
'molybdenum      '
'technetium      '
'ruthenium       '
'rhodium         '
'palladium       '
'silver          '
'antimony        '
'tellurium       '
'lost            '
'total           '
];

i902320 = 1; iTh232            = 1;
i902330 = 2; iTh233            = 2;
i912320 = 3; iPa232            = 3;
i912330 = 4; iPa233            = 4;
i912340 = 5; iPa234            = 5;
i922320 = 6; iU232             = 6;
i922330 = 7; iU233             = 7;
i922340 = 8; iU234             = 8;
i922350 = 9; iU235             = 9;
i922360 = 10; iU236             = 10;
i942390 = 11; iPu239            = 11;
i36     = 12; ikrypton          = 12;
i54     = 13; ixenon            = 13;
i34     = 14; iselenium         = 14;
i41     = 15; iniobium          = 15;
i42     = 16; imolybdenum       = 16;
i43     = 17; itechnetium       = 17;
i44     = 18; iruthenium        = 18;
i45     = 19; irhodium          = 19;
i46     = 20; ipalladium        = 20;
i47     = 21; isilver           = 21;
i51     = 22; iantimony         = 22;
i52     = 23; itellurium        = 23;
iLOST    = 24;
iTOT     = 25;

MAT_fuel_VOLUME = [ 1.95057E+07 1.95057E+07 1.95057E+07 ];

MAT_fuel_BURNUP = [ 0.00000E+00 2.37722E-01 4.75445E-01 ];

MAT_fuel_ADENS = [
3.71610E-03 3.71496E-03 3.71380E-03 % Th232
0.00000E+00 8.45121E-09 8.64946E-09 % Th233
0.00000E+00 1.47025E-12 6.09990E-12 % Pa232
0.00000E+00 1.08216E-06 2.11259E-06 % Pa233
0.00000E+00 2.79080E-10 6.06323E-10 % Pa234
0.00000E+00 2.61449E-12 1.02714E-11 % U232
6.19351E-05 6.09429E-05 6.00315E-05 % U233
0.00000E+00 1.12562E-07 2.29908E-07 % U234
0.00000E+00 2.67213E-10 1.10088E-09 % U235
0.00000E+00 2.42533E-13 2.01233E-12 % U236
0.00000E+00 7.05890E-24 1.11177E-21 % Pu239
0.00000E+00 6.37539E-08 1.23228E-07 % krypton
0.00000E+00 2.23052E-07 4.79369E-07 % xenon
0.00000E+00 9.70501E-09 1.95204E-08 % selenium
0.00000E+00 2.19660E-09 4.95297E-09 % niobium
0.00000E+00 1.55728E-07 3.10678E-07 % molybdenum
0.00000E+00 1.41211E-08 4.52958E-08 % technetium
0.00000E+00 7.66974E-08 1.52813E-07 % ruthenium
0.00000E+00 2.41190E-09 3.84357E-09 % rhodium
0.00000E+00 4.51673E-09 1.09768E-08 % palladium
0.00000E+00 5.19574E-10 1.07357E-09 % silver
0.00000E+00 6.89169E-09 9.95021E-09 % antimony
0.00000E+00 7.49522E-08 1.31083E-07 % tellurium
0.00000E+00 0.00000E+00 0.00000E+00 % lost data
7.82274E-02 7.82284E-02 7.82294E-02 % total
];

MAT_fuel_MDENS = [
1.43187E+00 1.43143E+00 1.43098E+00 % Th232
0.00000E+00 3.27046E-06 3.34718E-06 % Th233
0.00000E+00 5.66508E-10 2.35038E-09 % Pa232
0.00000E+00 4.18774E-04 8.17525E-04 % Pa233
0.00000E+00 1.08463E-07 2.35644E-07 % Pa234
0.00000E+00 1.00740E-09 3.95771E-09 % U232
2.39675E-02 2.35835E-02 2.32308E-02 % U233
0.00000E+00 4.37463E-05 8.93517E-05 % U234
0.00000E+00 1.04295E-07 4.29678E-07 % U235
0.00000E+00 9.50654E-11 7.88772E-10 % U236
0.00000E+00 2.80212E-21 4.41329E-19 % Pu239
0.00000E+00 8.99661E-06 1.73708E-05 % krypton
0.00000E+00 4.98961E-05 1.07113E-04 % xenon
0.00000E+00 1.30187E-06 2.61708E-06 % selenium
0.00000E+00 3.50429E-07 7.85054E-07 % niobium
0.00000E+00 2.54523E-05 5.07199E-05 % molybdenum
0.00000E+00 2.32033E-06 7.44047E-06 % technetium
0.00000E+00 1.29988E-05 2.58955E-05 % ruthenium
0.00000E+00 4.19015E-07 6.65019E-07 % rhodium
0.00000E+00 7.99370E-07 1.93683E-06 % palladium
0.00000E+00 9.47753E-08 1.95496E-07 % silver
0.00000E+00 1.45582E-06 2.09537E-06 % antimony
0.00000E+00 1.62521E-05 2.83762E-05 % tellurium
0.00000E+00 0.00000E+00 0.00000E+00 % lost data
3.28000E+00 3.28000E+00 3.28000E+00 % total
];

MAT_fuel_A = [
1.13317E+11 1.13282E+11 1.13247E+11 % Th232
0.00000E+00 8.53984E+19 8.74017E+19 % Th233
0.00000E+00 1.75628E+14 7.28659E+14 % Pa232
0.00000E+00 6.27195E+18 1.22440E+19 % Pa233
0.00000E+00 1.54591E+17 3.35861E+17 % Pa234
0.00000E+00 1.60478E+10 6.30462E+10 % U232
1.66625E+14 1.63956E+14 1.61504E+14 % U233
0.00000E+00 1.96278E+11 4.00897E+11 % U234
0.00000E+00 1.62664E+05 6.70151E+05 % U235
0.00000E+00 4.38435E+03 3.63776E+04 % U236
0.00000E+00 1.25421E-04 1.97536E-02 % Pu239
0.00000E+00 1.70577E+19 1.70781E+19 % krypton
0.00000E+00 1.34253E+19 1.45056E+19 % xenon
0.00000E+00 4.13718E+18 4.14326E+18 % selenium
0.00000E+00 2.09277E+19 2.13355E+19 % niobium
0.00000E+00 7.81818E+18 8.69645E+18 % molybdenum
0.00000E+00 7.75447E+18 8.61060E+18 % technetium
0.00000E+00 6.08176E+17 6.59546E+17 % ruthenium
0.00000E+00 6.69124E+17 7.77684E+17 % rhodium
0.00000E+00 1.26679E+17 1.28780E+17 % palladium
0.00000E+00 1.52697E+17 1.58668E+17 % silver
0.00000E+00 6.47086E+18 6.56165E+18 % antimony
0.00000E+00 1.25699E+19 1.36406E+19 % tellurium
0.00000E+00 0.00000E+00 0.00000E+00 % lost data
1.66738E+14 3.79633E+20 3.98221E+20 % total
];

MAT_fuel_H = [
7.42863E-02 7.42635E-02 7.42402E-02 % Th232
0.00000E+00 6.15261E+06 6.29694E+06 % Th233
0.00000E+00 3.10809E+01 1.28951E+02 % Pa232
0.00000E+00 4.14657E+05 8.09487E+05 % Pa233
0.00000E+00 4.50901E+04 9.79619E+04 % Pa234
0.00000E+00 1.39242E-02 5.47032E-02 % U232
1.31158E+02 1.29056E+02 1.27126E+02 % U233
0.00000E+00 1.52757E-01 3.12006E-01 % U234
0.00000E+00 1.21940E-07 5.02372E-07 % U235
0.00000E+00 3.21997E-09 2.67166E-08 % U236
0.00000E+00 1.05424E-16 1.66042E-14 % Pu239
0.00000E+00 6.81939E+06 6.82761E+06 % krypton
0.00000E+00 4.22676E+06 4.26307E+06 % xenon
0.00000E+00 1.70324E+06 1.70589E+06 % selenium
0.00000E+00 7.00543E+06 7.07128E+06 % niobium
0.00000E+00 1.62177E+06 1.69906E+06 % molybdenum
0.00000E+00 1.76751E+06 1.78967E+06 % technetium
0.00000E+00 1.24435E+05 1.29094E+05 % ruthenium
0.00000E+00 1.02325E+05 1.08658E+05 % rhodium
0.00000E+00 1.90243E+04 1.91598E+04 % palladium
0.00000E+00 3.91181E+04 3.99784E+04 % silver
0.00000E+00 3.04007E+06 3.05834E+06 % antimony
0.00000E+00 3.08298E+06 3.17213E+06 % tellurium
0.00000E+00 0.00000E+00 0.00000E+00 % lost data
1.31232E+02 1.15525E+08 1.17619E+08 % total
];

MAT_fuel_SF = [
1.58644E+00 1.58595E+00 1.58545E+00 % Th232
0.00000E+00 0.00000E+00 0.00000E+00 % Th233
0.00000E+00 0.00000E+00 0.00000E+00 % Pa232
0.00000E+00 0.00000E+00 0.00000E+00 % Pa233
0.00000E+00 0.00000E+00 0.00000E+00 % Pa234
0.00000E+00 1.44430E-02 5.67415E-02 % U232
0.00000E+00 0.00000E+00 0.00000E+00 % U233
0.00000E+00 3.33672E+00 6.81525E+00 % U234
0.00000E+00 1.17118E-05 4.82509E-05 % U235
0.00000E+00 3.94591E-06 3.27399E-05 % U236
0.00000E+00 3.88804E-16 6.12361E-14 % Pu239
0.00000E+00 0.00000E+00 0.00000E+00 % krypton
0.00000E+00 0.00000E+00 0.00000E+00 % xenon
0.00000E+00 0.00000E+00 0.00000E+00 % selenium
0.00000E+00 0.00000E+00 0.00000E+00 % niobium
0.00000E+00 0.00000E+00 0.00000E+00 % molybdenum
0.00000E+00 0.00000E+00 0.00000E+00 % technetium
0.00000E+00 0.00000E+00 0.00000E+00 % ruthenium
0.00000E+00 0.00000E+00 0.00000E+00 % rhodium
0.00000E+00 0.00000E+00 0.00000E+00 % palladium
0.00000E+00 0.00000E+00 0.00000E+00 % silver
0.00000E+00 0.00000E+00 0.00000E+00 % antimony
0.00000E+00 0.00000E+00 0.00000E+00 % tellurium
0.00000E+00 0.00000E+00 0.00000E+00 % lost data
1.58644E+00 4.94873E+00 8.48850E+00 % total
];

