
ZAI = [
902320
902330
912320
912330
912340
922320
922330
922340
922350
922360
942390
36
54
34
41
42
43
44
45
46
47
51
52
666
0
];

NAMES = [
'Th232           '
'Th233           '
'Pa232           '
'Pa233           '
'Pa234           '
'U232            '
'U233            '
'U234            '
'U235            '
'U236            '
'Pu239           '
'krypton         '
'xenon           '
'selenium        '
'niobium         '
'molybdenum      '
'technetium      '
'ruthenium       '
'rhodium         '
'palladium       '
'silver          '
'antimony        '
'tellurium       '
'lost            '
'total           '
];

i902320 = 1; iTh232            = 1;
i902330 = 2; iTh233            = 2;
i912320 = 3; iPa232            = 3;
i912330 = 4; iPa233            = 4;
i912340 = 5; iPa234            = 5;
i922320 = 6; iU232             = 6;
i922330 = 7; iU233             = 7;
i922340 = 8; iU234             = 8;
i922350 = 9; iU235             = 9;
i922360 = 10; iU236             = 10;
i942390 = 11; iPu239            = 11;
i36     = 12; ikrypton          = 12;
i54     = 13; ixenon            = 13;
i34     = 14; iselenium         = 14;
i41     = 15; iniobium          = 15;
i42     = 16; imolybdenum       = 16;
i43     = 17; itechnetium       = 17;
i44     = 18; iruthenium        = 18;
i45     = 19; irhodium          = 19;
i46     = 20; ipalladium        = 20;
i47     = 21; isilver           = 21;
i51     = 22; iantimony         = 22;
i52     = 23; itellurium        = 23;
iLOST    = 24;
iTOT     = 25;

MAT_fuel_VOLUME = [ 1.95057E+07 1.95057E+07 1.95057E+07 ];

MAT_fuel_BURNUP = [ 0.00000E+00 2.37722E-01 4.75444E-01 ];

MAT_fuel_ADENS = [
3.71610E-03 3.71496E-03 3.71379E-03 % Th232
0.00000E+00 8.46860E-09 8.67266E-09 % Th233
0.00000E+00 1.47555E-12 6.12659E-12 % Pa232
0.00000E+00 1.08439E-06 2.11760E-06 % Pa233
0.00000E+00 2.80408E-10 6.09507E-10 % Pa234
0.00000E+00 2.62224E-12 1.03270E-11 % U232
6.19351E-05 6.09430E-05 6.00319E-05 % U233
0.00000E+00 1.12592E-07 2.30049E-07 % U234
0.00000E+00 2.67509E-10 1.10176E-09 % U235
0.00000E+00 2.42801E-13 2.01405E-12 % U236
0.00000E+00 7.51088E-24 1.12208E-21 % Pu239
0.00000E+00 6.37630E-08 1.23246E-07 % krypton
0.00000E+00 2.23023E-07 4.79302E-07 % xenon
0.00000E+00 9.70593E-09 1.95222E-08 % selenium
0.00000E+00 2.19655E-09 4.95289E-09 % niobium
0.00000E+00 1.55721E-07 3.10663E-07 % molybdenum
0.00000E+00 1.41214E-08 4.53014E-08 % technetium
0.00000E+00 7.66899E-08 1.52792E-07 % ruthenium
0.00000E+00 2.41199E-09 3.84400E-09 % rhodium
0.00000E+00 4.51689E-09 1.09766E-08 % palladium
0.00000E+00 5.19920E-10 1.07426E-09 % silver
0.00000E+00 6.89170E-09 9.95059E-09 % antimony
0.00000E+00 7.49457E-08 1.31059E-07 % tellurium
0.00000E+00 0.00000E+00 0.00000E+00 % lost data
7.82274E-02 7.82284E-02 7.82294E-02 % total
];

MAT_fuel_MDENS = [
1.43187E+00 1.43143E+00 1.43098E+00 % Th232
0.00000E+00 3.27719E-06 3.35616E-06 % Th233
0.00000E+00 5.68550E-10 2.36067E-09 % Pa232
0.00000E+00 4.19634E-04 8.19465E-04 % Pa233
0.00000E+00 1.08979E-07 2.36882E-07 % Pa234
0.00000E+00 1.01038E-09 3.97914E-09 % U232
2.39675E-02 2.35836E-02 2.32310E-02 % U233
0.00000E+00 4.37577E-05 8.94064E-05 % U234
0.00000E+00 1.04410E-07 4.30023E-07 % U235
0.00000E+00 9.51707E-11 7.89446E-10 % U236
0.00000E+00 2.98153E-21 4.45425E-19 % Pu239
0.00000E+00 8.99789E-06 1.73733E-05 % krypton
0.00000E+00 4.98895E-05 1.07098E-04 % xenon
0.00000E+00 1.30199E-06 2.61733E-06 % selenium
0.00000E+00 3.50420E-07 7.85040E-07 % niobium
0.00000E+00 2.54511E-05 5.07175E-05 % molybdenum
0.00000E+00 2.32038E-06 7.44139E-06 % technetium
0.00000E+00 1.29975E-05 2.58920E-05 % ruthenium
0.00000E+00 4.19030E-07 6.65094E-07 % rhodium
0.00000E+00 7.99400E-07 1.93681E-06 % palladium
0.00000E+00 9.48386E-08 1.95622E-07 % silver
0.00000E+00 1.45582E-06 2.09544E-06 % antimony
0.00000E+00 1.62505E-05 2.83703E-05 % tellurium
0.00000E+00 0.00000E+00 0.00000E+00 % lost data
3.28000E+00 3.28000E+00 3.28000E+00 % total
];

MAT_fuel_A = [
1.13317E+11 1.13282E+11 1.13246E+11 % Th232
0.00000E+00 8.55742E+19 8.76362E+19 % Th233
0.00000E+00 1.76260E+14 7.31847E+14 % Pa232
0.00000E+00 6.28483E+18 1.22731E+19 % Pa233
0.00000E+00 1.55327E+17 3.37624E+17 % Pa234
0.00000E+00 1.60954E+10 6.33874E+10 % U232
1.66625E+14 1.63956E+14 1.61505E+14 % U233
0.00000E+00 1.96329E+11 4.01143E+11 % U234
0.00000E+00 1.62844E+05 6.70689E+05 % U235
0.00000E+00 4.38921E+03 3.64087E+04 % U236
0.00000E+00 1.33451E-04 1.99369E-02 % Pu239
0.00000E+00 1.70595E+19 1.70798E+19 % krypton
0.00000E+00 1.34286E+19 1.45091E+19 % xenon
0.00000E+00 4.13853E+18 4.14464E+18 % selenium
0.00000E+00 2.09268E+19 2.13345E+19 % niobium
0.00000E+00 7.81765E+18 8.69585E+18 % molybdenum
0.00000E+00 7.75373E+18 8.60921E+18 % technetium
0.00000E+00 6.08227E+17 6.59596E+17 % ruthenium
0.00000E+00 6.69187E+17 7.77726E+17 % rhodium
0.00000E+00 1.26828E+17 1.28941E+17 % palladium
0.00000E+00 1.52898E+17 1.58887E+17 % silver
0.00000E+00 6.47108E+18 6.56185E+18 % antimony
0.00000E+00 1.25710E+19 1.36437E+19 % tellurium
0.00000E+00 0.00000E+00 0.00000E+00 % lost data
1.66738E+14 3.79849E+20 3.98514E+20 % total
];

MAT_fuel_H = [
7.42863E-02 7.42635E-02 7.42401E-02 % Th232
0.00000E+00 6.16527E+06 6.31383E+06 % Th233
0.00000E+00 3.11928E+01 1.29515E+02 % Pa232
0.00000E+00 4.15508E+05 8.11409E+05 % Pa233
0.00000E+00 4.53047E+04 9.84762E+04 % Pa234
0.00000E+00 1.39655E-02 5.49993E-02 % U232
1.31158E+02 1.29057E+02 1.27127E+02 % U233
0.00000E+00 1.52797E-01 3.12197E-01 % U234
0.00000E+00 1.22075E-07 5.02776E-07 % U235
0.00000E+00 3.22354E-09 2.67394E-08 % U236
0.00000E+00 1.12174E-16 1.67583E-14 % Pu239
0.00000E+00 6.82017E+06 6.82839E+06 % krypton
0.00000E+00 4.22756E+06 4.26389E+06 % xenon
0.00000E+00 1.70393E+06 1.70659E+06 % selenium
0.00000E+00 7.00509E+06 7.07090E+06 % niobium
0.00000E+00 1.62167E+06 1.69895E+06 % molybdenum
0.00000E+00 1.76736E+06 1.78938E+06 % technetium
0.00000E+00 1.24459E+05 1.29120E+05 % ruthenium
0.00000E+00 1.02367E+05 1.08696E+05 % rhodium
0.00000E+00 1.90560E+04 1.91936E+04 % palladium
0.00000E+00 3.91906E+04 4.00563E+04 % silver
0.00000E+00 3.04024E+06 3.05852E+06 % antimony
0.00000E+00 3.08329E+06 3.17257E+06 % tellurium
0.00000E+00 0.00000E+00 0.00000E+00 % lost data
1.31232E+02 1.15547E+08 1.17646E+08 % total
];

MAT_fuel_SF = [
1.58644E+00 1.58595E+00 1.58545E+00 % Th232
0.00000E+00 0.00000E+00 0.00000E+00 % Th233
0.00000E+00 0.00000E+00 0.00000E+00 % Pa232
0.00000E+00 0.00000E+00 0.00000E+00 % Pa233
0.00000E+00 0.00000E+00 0.00000E+00 % Pa234
0.00000E+00 1.44858E-02 5.70487E-02 % U232
0.00000E+00 0.00000E+00 0.00000E+00 % U233
0.00000E+00 3.33759E+00 6.81942E+00 % U234
0.00000E+00 1.17248E-05 4.82896E-05 % U235
0.00000E+00 3.95029E-06 3.27678E-05 % U236
0.00000E+00 4.13699E-16 6.18044E-14 % Pu239
0.00000E+00 0.00000E+00 0.00000E+00 % krypton
0.00000E+00 0.00000E+00 0.00000E+00 % xenon
0.00000E+00 0.00000E+00 0.00000E+00 % selenium
0.00000E+00 0.00000E+00 0.00000E+00 % niobium
0.00000E+00 0.00000E+00 0.00000E+00 % molybdenum
0.00000E+00 0.00000E+00 0.00000E+00 % technetium
0.00000E+00 0.00000E+00 0.00000E+00 % ruthenium
0.00000E+00 0.00000E+00 0.00000E+00 % rhodium
0.00000E+00 0.00000E+00 0.00000E+00 % palladium
0.00000E+00 0.00000E+00 0.00000E+00 % silver
0.00000E+00 0.00000E+00 0.00000E+00 % antimony
0.00000E+00 0.00000E+00 0.00000E+00 % tellurium
0.00000E+00 0.00000E+00 0.00000E+00 % lost data
1.58644E+00 4.94969E+00 8.49326E+00 % total
];

