
DETspectralFuel = [
    1    1    1    1    1    1    1    1    1    1  3.44470E-05 0.02496 
    2    2    1    1    1    1    1    1    1    1  8.58276E-04 0.00734 
    3    3    1    1    1    1    1    1    1    1  1.10389E-03 0.00764 
    4    4    1    1    1    1    1    1    1    1  1.55763E-03 0.00713 
    5    5    1    1    1    1    1    1    1    1  1.55446E-03 0.00749 
    6    6    1    1    1    1    1    1    1    1  2.86299E-03 0.00588 
    7    7    1    1    1    1    1    1    1    1  6.20909E-03 0.00419 
    8    8    1    1    1    1    1    1    1    1  7.93632E-03 0.00380 
    9    9    1    1    1    1    1    1    1    1  9.67811E-03 0.00374 
   10   10    1    1    1    1    1    1    1    1  2.43954E-02 0.00245 
   11   11    1    1    1    1    1    1    1    1  3.12105E-02 0.00226 
   12   12    1    1    1    1    1    1    1    1  1.06698E-01 0.00148 
   13   13    1    1    1    1    1    1    1    1  1.46295E-01 0.00135 
   14   14    1    1    1    1    1    1    1    1  1.64115E+00 0.00073 
   15   15    1    1    1    1    1    1    1    1  7.19668E-01 0.00081 
   16   16    1    1    1    1    1    1    1    1  1.79313E+00 0.00067 
   17   17    1    1    1    1    1    1    1    1  2.07124E+00 0.00062 
   18   18    1    1    1    1    1    1    1    1  2.27357E+00 0.00060 
   19   19    1    1    1    1    1    1    1    1  2.40847E+00 0.00060 
   20   20    1    1    1    1    1    1    1    1  2.48994E+00 0.00059 
   21   21    1    1    1    1    1    1    1    1  2.52708E+00 0.00059 
   22   22    1    1    1    1    1    1    1    1  2.52970E+00 0.00058 
   23   23    1    1    1    1    1    1    1    1  6.16538E+00 0.00051 
   24   24    1    1    1    1    1    1    1    1  5.72162E+00 0.00052 
   25   25    1    1    1    1    1    1    1    1  5.14591E+00 0.00051 
   26   26    1    1    1    1    1    1    1    1  4.53478E+00 0.00052 
   27   27    1    1    1    1    1    1    1    1  3.93774E+00 0.00051 
   28   28    1    1    1    1    1    1    1    1  3.38873E+00 0.00052 
   29   29    1    1    1    1    1    1    1    1  2.90319E+00 0.00053 
   30   30    1    1    1    1    1    1    1    1  2.48715E+00 0.00054 
   31   31    1    1    1    1    1    1    1    1  2.13116E+00 0.00056 
   32   32    1    1    1    1    1    1    1    1  1.83267E+00 0.00061 
   33   33    1    1    1    1    1    1    1    1  1.58363E+00 0.00062 
   34   34    1    1    1    1    1    1    1    1  1.37451E+00 0.00065 
   35   35    1    1    1    1    1    1    1    1  2.25606E+00 0.00057 
   36   36    1    1    1    1    1    1    1    1  1.77145E+00 0.00061 
   37   37    1    1    1    1    1    1    1    1  1.43312E+00 0.00064 
   38   38    1    1    1    1    1    1    1    1  1.19541E+00 0.00067 
   39   39    1    1    1    1    1    1    1    1  5.29921E-01 0.00086 
   40   40    1    1    1    1    1    1    1    1  4.94135E-01 0.00088 
   41   41    1    1    1    1    1    1    1    1  8.96724E-01 0.00073 
   42   42    1    1    1    1    1    1    1    1  8.00969E-01 0.00075 
   43   43    1    1    1    1    1    1    1    1  7.26802E-01 0.00077 
   44   44    1    1    1    1    1    1    1    1  6.66782E-01 0.00079 
   45   45    1    1    1    1    1    1    1    1  6.16523E-01 0.00083 
   46   46    1    1    1    1    1    1    1    1  2.91567E-01 0.00110 
   47   47    1    1    1    1    1    1    1    1  2.82319E-01 0.00110 
   48   48    1    1    1    1    1    1    1    1  2.72957E-01 0.00115 
   49   49    1    1    1    1    1    1    1    1  2.64915E-01 0.00115 
   50   50    1    1    1    1    1    1    1    1  1.03871E-01 0.00173 
   51   51    1    1    1    1    1    1    1    1  1.02549E-01 0.00171 
   52   52    1    1    1    1    1    1    1    1  1.01175E-01 0.00167 
   53   53    1    1    1    1    1    1    1    1  1.00121E-01 0.00169 
   54   54    1    1    1    1    1    1    1    1  9.88140E-02 0.00171 
   55   55    1    1    1    1    1    1    1    1  9.81894E-02 0.00170 
   56   56    1    1    1    1    1    1    1    1  9.67180E-02 0.00173 
   57   57    1    1    1    1    1    1    1    1  9.57211E-02 0.00175 
   58   58    1    1    1    1    1    1    1    1  9.43661E-02 0.00175 
   59   59    1    1    1    1    1    1    1    1  9.36756E-02 0.00176 
   60   60    1    1    1    1    1    1    1    1  9.27139E-02 0.00178 
   61   61    1    1    1    1    1    1    1    1  9.17312E-02 0.00173 
   62   62    1    1    1    1    1    1    1    1  9.08285E-02 0.00178 
   63   63    1    1    1    1    1    1    1    1  8.96386E-02 0.00181 
   64   64    1    1    1    1    1    1    1    1  8.92159E-02 0.00174 
   65   65    1    1    1    1    1    1    1    1  2.19051E-01 0.00122 
   66   66    1    1    1    1    1    1    1    1  2.14415E-01 0.00122 
   67   67    1    1    1    1    1    1    1    1  2.09460E-01 0.00117 
   68   68    1    1    1    1    1    1    1    1  2.04589E-01 0.00127 
   69   69    1    1    1    1    1    1    1    1  3.97569E-01 0.00094 
   70   70    1    1    1    1    1    1    1    1  3.80684E-01 0.00094 
   71   71    1    1    1    1    1    1    1    1  3.66308E-01 0.00096 
   72   72    1    1    1    1    1    1    1    1  3.51838E-01 0.00104 
   73   73    1    1    1    1    1    1    1    1  3.38938E-01 0.00100 
   74   74    1    1    1    1    1    1    1    1  5.79904E-01 0.00083 
   75   75    1    1    1    1    1    1    1    1  5.45559E-01 0.00081 
   76   76    1    1    1    1    1    1    1    1  5.15346E-01 0.00087 
   77   77    1    1    1    1    1    1    1    1  4.87909E-01 0.00085 
   78   78    1    1    1    1    1    1    1    1  4.12684E-01 0.00092 
   79   79    1    1    1    1    1    1    1    1  2.96620E-01 0.00105 
   80   80    1    1    1    1    1    1    1    1  5.66338E-01 0.00080 
   81   81    1    1    1    1    1    1    1    1  4.04977E-01 0.00092 
   82   82    1    1    1    1    1    1    1    1  3.88176E-01 0.00092 
   83   83    1    1    1    1    1    1    1    1  3.31859E-01 0.00100 
   84   84    1    1    1    1    1    1    1    1  3.59493E-01 0.00097 
   85   85    1    1    1    1    1    1    1    1  3.83255E-01 0.00093 
   86   86    1    1    1    1    1    1    1    1  3.69459E-01 0.00097 
   87   87    1    1    1    1    1    1    1    1  3.55163E-01 0.00095 
   88   88    1    1    1    1    1    1    1    1  3.42038E-01 0.00097 
   89   89    1    1    1    1    1    1    1    1  3.30199E-01 0.00099 
   90   90    1    1    1    1    1    1    1    1  9.68695E-02 0.00165 
   91   91    1    1    1    1    1    1    1    1  1.59063E-01 0.00136 
   92   92    1    1    1    1    1    1    1    1  3.10267E-01 0.00100 
   93   93    1    1    1    1    1    1    1    1  1.01296E+00 0.00062 
   94   94    1    1    1    1    1    1    1    1  6.09819E-01 0.00076 
   95   95    1    1    1    1    1    1    1    1  6.72382E-01 0.00072 
   96   96    1    1    1    1    1    1    1    1  1.65069E+00 0.00052 
   97   97    1    1    1    1    1    1    1    1  4.91193E-01 0.00081 
   98   98    1    1    1    1    1    1    1    1  7.39591E-01 0.00070 
   99   99    1    1    1    1    1    1    1    1  1.01544E+00 0.00059 
  100  100    1    1    1    1    1    1    1    1  3.94791E-01 0.00089 
  101  101    1    1    1    1    1    1    1    1  3.74450E-01 0.00089 
  102  102    1    1    1    1    1    1    1    1  3.01171E-01 0.00089 
  103  103    1    1    1    1    1    1    1    1  3.49722E-01 0.00090 
  104  104    1    1    1    1    1    1    1    1  2.15180E-01 0.00115 
  105  105    1    1    1    1    1    1    1    1  1.27876E+00 0.00053 
  106  106    1    1    1    1    1    1    1    1  1.18474E+00 0.00055 
  107  107    1    1    1    1    1    1    1    1  9.76710E-01 0.00059 
  108  108    1    1    1    1    1    1    1    1  1.45407E+00 0.00051 
  109  109    1    1    1    1    1    1    1    1  3.51343E-01 0.00094 
