
ZAI = [
902320
902330
912320
912330
912340
922320
922330
922340
922350
922360
942390
36
54
34
41
42
43
44
45
46
47
51
52
666
0
];

NAMES = [
'Th232           '
'Th233           '
'Pa232           '
'Pa233           '
'Pa234           '
'U232            '
'U233            '
'U234            '
'U235            '
'U236            '
'Pu239           '
'krypton         '
'xenon           '
'selenium        '
'niobium         '
'molybdenum      '
'technetium      '
'ruthenium       '
'rhodium         '
'palladium       '
'silver          '
'antimony        '
'tellurium       '
'lost            '
'total           '
];

i902320 = 1; iTh232            = 1;
i902330 = 2; iTh233            = 2;
i912320 = 3; iPa232            = 3;
i912330 = 4; iPa233            = 4;
i912340 = 5; iPa234            = 5;
i922320 = 6; iU232             = 6;
i922330 = 7; iU233             = 7;
i922340 = 8; iU234             = 8;
i922350 = 9; iU235             = 9;
i922360 = 10; iU236             = 10;
i942390 = 11; iPu239            = 11;
i36     = 12; ikrypton          = 12;
i54     = 13; ixenon            = 13;
i34     = 14; iselenium         = 14;
i41     = 15; iniobium          = 15;
i42     = 16; imolybdenum       = 16;
i43     = 17; itechnetium       = 17;
i44     = 18; iruthenium        = 18;
i45     = 19; irhodium          = 19;
i46     = 20; ipalladium        = 20;
i47     = 21; isilver           = 21;
i51     = 22; iantimony         = 22;
i52     = 23; itellurium        = 23;
iLOST    = 24;
iTOT     = 25;

MAT_fuel_VOLUME = [ 1.95057E+07 ];

MAT_fuel_BURNUP = [ 0.00000E+00 ];

MAT_fuel_ADENS = [
3.76782E-03 % Th232
0.00000E+00 % Th233
0.00000E+00 % Pa232
0.00000E+00 % Pa233
0.00000E+00 % Pa234
0.00000E+00 % U232
7.28447E-05 % U233
0.00000E+00 % U234
0.00000E+00 % U235
0.00000E+00 % U236
1.88395E-08 % Pu239
0.00000E+00 % krypton
0.00000E+00 % xenon
0.00000E+00 % selenium
0.00000E+00 % niobium
0.00000E+00 % molybdenum
0.00000E+00 % technetium
0.00000E+00 % ruthenium
0.00000E+00 % rhodium
0.00000E+00 % palladium
0.00000E+00 % silver
0.00000E+00 % antimony
0.00000E+00 % tellurium
0.00000E+00 % lost data
7.93476E-02 % total
];

MAT_fuel_MDENS = [
1.45180E+00 % Th232
0.00000E+00 % Th233
0.00000E+00 % Pa232
0.00000E+00 % Pa233
0.00000E+00 % Pa234
0.00000E+00 % U232
2.81893E-02 % U233
0.00000E+00 % U234
0.00000E+00 % U235
0.00000E+00 % U236
7.47856E-06 % Pu239
0.00000E+00 % krypton
0.00000E+00 % xenon
0.00000E+00 % selenium
0.00000E+00 % niobium
0.00000E+00 % molybdenum
0.00000E+00 % technetium
0.00000E+00 % ruthenium
0.00000E+00 % rhodium
0.00000E+00 % palladium
0.00000E+00 % silver
0.00000E+00 % antimony
0.00000E+00 % tellurium
0.00000E+00 % lost data
3.33040E+00 % total
];

MAT_fuel_A = [
1.14894E+11 % Th232
0.00000E+00 % Th233
0.00000E+00 % Pa232
0.00000E+00 % Pa233
0.00000E+00 % Pa234
0.00000E+00 % U232
1.96037E+14 % U233
0.00000E+00 % U234
0.00000E+00 % U235
0.00000E+00 % U236
3.34777E+11 % Pu239
0.00000E+00 % krypton
0.00000E+00 % xenon
0.00000E+00 % selenium
0.00000E+00 % niobium
0.00000E+00 % molybdenum
0.00000E+00 % technetium
0.00000E+00 % ruthenium
0.00000E+00 % rhodium
0.00000E+00 % palladium
0.00000E+00 % silver
0.00000E+00 % antimony
0.00000E+00 % tellurium
0.00000E+00 % lost data
1.96487E+14 % total
];

MAT_fuel_H = [
7.50659E-02 % Th232
0.00000E+00 % Th233
0.00000E+00 % Pa232
0.00000E+00 % Pa233
0.00000E+00 % Pa234
0.00000E+00 % U232
1.54170E+02 % U233
0.00000E+00 % U234
0.00000E+00 % U235
0.00000E+00 % U236
2.81127E-01 % Pu239
0.00000E+00 % krypton
0.00000E+00 % xenon
0.00000E+00 % selenium
0.00000E+00 % niobium
0.00000E+00 % molybdenum
0.00000E+00 % technetium
0.00000E+00 % ruthenium
0.00000E+00 % rhodium
0.00000E+00 % palladium
0.00000E+00 % silver
0.00000E+00 % antimony
0.00000E+00 % tellurium
0.00000E+00 % lost data
1.54526E+02 % total
];

MAT_fuel_SF = [
1.14894E+00 % Th232
0.00000E+00 % Th233
0.00000E+00 % Pa232
0.00000E+00 % Pa233
0.00000E+00 % Pa234
0.00000E+00 % U232
0.00000E+00 % U233
0.00000E+00 % U234
0.00000E+00 % U235
0.00000E+00 % U236
1.03781E+00 % Pu239
0.00000E+00 % krypton
0.00000E+00 % xenon
0.00000E+00 % selenium
0.00000E+00 % niobium
0.00000E+00 % molybdenum
0.00000E+00 % technetium
0.00000E+00 % ruthenium
0.00000E+00 % rhodium
0.00000E+00 % palladium
0.00000E+00 % silver
0.00000E+00 % antimony
0.00000E+00 % tellurium
0.00000E+00 % lost data
2.18675E+00 % total
];

MAT_fuel_GSRC = [
8.42022E+09 % Th232
0.00000E+00 % Th233
0.00000E+00 % Pa232
0.00000E+00 % Pa233
0.00000E+00 % Pa234
0.00000E+00 % U232
0.00000E+00 % U233
0.00000E+00 % U234
0.00000E+00 % U235
0.00000E+00 % U236
1.46907E+10 % Pu239
0.00000E+00 % krypton
0.00000E+00 % xenon
0.00000E+00 % selenium
0.00000E+00 % niobium
0.00000E+00 % molybdenum
0.00000E+00 % technetium
0.00000E+00 % ruthenium
0.00000E+00 % rhodium
0.00000E+00 % palladium
0.00000E+00 % silver
0.00000E+00 % antimony
0.00000E+00 % tellurium
0.00000E+00 % lost data
2.31109E+10 % total
];

MAT_fuel_ING_TOX = [
2.64256E+04 % Th232
0.00000E+00 % Th233
0.00000E+00 % Pa232
0.00000E+00 % Pa233
0.00000E+00 % Pa234
0.00000E+00 % U232
9.99790E+06 % U233
0.00000E+00 % U234
0.00000E+00 % U235
0.00000E+00 % U236
8.36943E+04 % Pu239
0.00000E+00 % krypton
0.00000E+00 % xenon
0.00000E+00 % selenium
0.00000E+00 % niobium
0.00000E+00 % molybdenum
0.00000E+00 % technetium
0.00000E+00 % ruthenium
0.00000E+00 % rhodium
0.00000E+00 % palladium
0.00000E+00 % silver
0.00000E+00 % antimony
0.00000E+00 % tellurium
0.00000E+00 % lost data
1.01080E+07 % total
];

MAT_fuel_INH_TOX = [
1.26383E+07 % Th232
0.00000E+00 % Th233
0.00000E+00 % Pa232
0.00000E+00 % Pa233
0.00000E+00 % Pa234
0.00000E+00 % U232
1.88196E+09 % U233
0.00000E+00 % U234
0.00000E+00 % U235
0.00000E+00 % U236
4.01732E+07 % Pu239
0.00000E+00 % krypton
0.00000E+00 % xenon
0.00000E+00 % selenium
0.00000E+00 % niobium
0.00000E+00 % molybdenum
0.00000E+00 % technetium
0.00000E+00 % ruthenium
0.00000E+00 % rhodium
0.00000E+00 % palladium
0.00000E+00 % silver
0.00000E+00 % antimony
0.00000E+00 % tellurium
0.00000E+00 % lost data
1.93477E+09 % total
];

MAT_refill_VOLUME = [ 1.95057E+07 ];

MAT_refill_BURNUP = [ 0.00000E+00 ];

MAT_refill_ADENS = [
3.04167E-02 % Th232
0.00000E+00 % Th233
0.00000E+00 % Pa232
0.00000E+00 % Pa233
0.00000E+00 % Pa234
0.00000E+00 % U232
0.00000E+00 % U233
0.00000E+00 % U234
0.00000E+00 % U235
0.00000E+00 % U236
0.00000E+00 % Pu239
0.00000E+00 % krypton
0.00000E+00 % xenon
0.00000E+00 % selenium
0.00000E+00 % niobium
0.00000E+00 % molybdenum
0.00000E+00 % technetium
0.00000E+00 % ruthenium
0.00000E+00 % rhodium
0.00000E+00 % palladium
0.00000E+00 % silver
0.00000E+00 % antimony
0.00000E+00 % tellurium
0.00000E+00 % lost data
3.04167E-02 % total
];

MAT_refill_MDENS = [
1.17200E+01 % Th232
0.00000E+00 % Th233
0.00000E+00 % Pa232
0.00000E+00 % Pa233
0.00000E+00 % Pa234
0.00000E+00 % U232
0.00000E+00 % U233
0.00000E+00 % U234
0.00000E+00 % U235
0.00000E+00 % U236
0.00000E+00 % Pu239
0.00000E+00 % krypton
0.00000E+00 % xenon
0.00000E+00 % selenium
0.00000E+00 % niobium
0.00000E+00 % molybdenum
0.00000E+00 % technetium
0.00000E+00 % ruthenium
0.00000E+00 % rhodium
0.00000E+00 % palladium
0.00000E+00 % silver
0.00000E+00 % antimony
0.00000E+00 % tellurium
0.00000E+00 % lost data
1.17200E+01 % total
];

MAT_refill_A = [
9.27510E+11 % Th232
0.00000E+00 % Th233
0.00000E+00 % Pa232
0.00000E+00 % Pa233
0.00000E+00 % Pa234
0.00000E+00 % U232
0.00000E+00 % U233
0.00000E+00 % U234
0.00000E+00 % U235
0.00000E+00 % U236
0.00000E+00 % Pu239
0.00000E+00 % krypton
0.00000E+00 % xenon
0.00000E+00 % selenium
0.00000E+00 % niobium
0.00000E+00 % molybdenum
0.00000E+00 % technetium
0.00000E+00 % ruthenium
0.00000E+00 % rhodium
0.00000E+00 % palladium
0.00000E+00 % silver
0.00000E+00 % antimony
0.00000E+00 % tellurium
0.00000E+00 % lost data
9.27510E+11 % total
];

