
ZAI = [
90
92
922350
932370
666
0
];

NAMES = [
'thorium         '
'uranium         '
'U235            '
'Np237           '
'lost            '
'total           '
];

i90     = 1; ithorium          = 1;
i92     = 2; iuranium          = 2;
i922350 = 3; iU235             = 3;
i932370 = 4; iNp237            = 4;
iLOST    = 5;
iTOT     = 6;

MAT_dump_VOLUME = [ 1.00000E+00 1.00000E+00 1.00000E+00 1.00000E+00 1.00000E+00 1.00000E+00 1.00000E+00 ];

MAT_dump_BURNUP = [ 0.00000E+00 0.00000E+00 0.00000E+00 0.00000E+00 0.00000E+00 0.00000E+00 0.00000E+00 ];

MAT_dump_ADENS = [
0.00000E+00 9.25215E+01 1.78869E+02 2.49100E+02 2.99084E+02 3.31109E+02 3.50051E+02 % thorium
0.00000E+00 2.43478E+01 4.70708E+01 6.55528E+01 7.87064E+01 8.71339E+01 9.21187E+01 % uranium
0.00000E+00 6.08694E+00 1.17677E+01 1.63882E+01 1.96766E+01 2.17835E+01 2.30296E+01 % U235
0.00000E+00 1.27002E-16 2.43057E-15 1.11927E-14 2.90479E-14 5.55999E-14 8.86835E-14 % Np237
0.00000E+00 0.00000E+00 0.00000E+00 0.00000E+00 0.00000E+00 0.00000E+00 0.00000E+00 % lost data
6.68210E-05 2.41532E+03 4.66945E+03 6.50288E+03 7.80773E+03 8.64374E+03 9.13823E+03 % total
];

MAT_dump_MDENS = [
0.00000E+00 3.56499E+04 6.89208E+04 9.59821E+04 1.15242E+05 1.27581E+05 1.34880E+05 % thorium
0.00000E+00 9.59382E+03 1.85474E+04 2.58299E+04 3.10129E+04 3.43336E+04 3.62977E+04 % uranium
0.00000E+00 2.37577E+03 4.59300E+03 6.39641E+03 7.67990E+03 8.50222E+03 8.98861E+03 % U235
0.00000E+00 4.99924E-14 9.56755E-13 4.40582E-12 1.14343E-11 2.18860E-11 3.49088E-11 % Np237
0.00000E+00 0.00000E+00 0.00000E+00 0.00000E+00 0.00000E+00 0.00000E+00 0.00000E+00 % lost data
1.00000E-03 1.20723E+05 2.33389E+05 3.25028E+05 3.90247E+05 4.32033E+05 4.56748E+05 % total
];

MAT_dump_A = [
0.00000E+00 3.57619E+13 3.44893E+14 1.05787E+15 2.05352E+15 3.15533E+15 4.25234E+15 % thorium
0.00000E+00 1.10737E+13 1.07138E+14 3.31099E+14 6.48117E+14 1.00399E+15 1.36495E+15 % uranium
0.00000E+00 1.89964E+08 3.67252E+08 5.11451E+08 6.14077E+08 6.79829E+08 7.18721E+08 % U235
0.00000E+00 1.30112E-06 2.49008E-05 1.14668E-04 2.97592E-04 5.69613E-04 9.08550E-04 % Np237
0.00000E+00 0.00000E+00 0.00000E+00 0.00000E+00 0.00000E+00 0.00000E+00 0.00000E+00 % lost data
0.00000E+00 1.73332E+16 1.31535E+17 3.52689E+17 6.31906E+17 9.23378E+17 1.20027E+18 % total
];

MAT_dump_H = [
0.00000E+00 2.50090E+00 2.41184E+01 7.39766E+01 1.43602E+02 2.20651E+02 2.97365E+02 % thorium
0.00000E+00 8.10610E-01 7.81356E+00 2.41285E+01 4.72106E+01 7.31132E+01 9.93844E+01 % uranium
0.00000E+00 1.42405E-04 2.75307E-04 3.83404E-04 4.60337E-04 5.09627E-04 5.38782E-04 % U235
0.00000E+00 1.03315E-18 1.97725E-17 9.10515E-17 2.36302E-16 4.52300E-16 7.21432E-16 % Np237
0.00000E+00 0.00000E+00 0.00000E+00 0.00000E+00 0.00000E+00 0.00000E+00 0.00000E+00 % lost data
0.00000E+00 1.05735E+04 7.77048E+04 2.03823E+05 3.59046E+05 5.17361E+05 6.64494E+05 % total
];

MAT_dump_SF = [
0.00000E+00 2.02496E-03 3.91479E-03 5.45190E-03 6.54586E-03 7.24676E-03 7.66133E-03 % thorium
0.00000E+00 4.89142E+01 9.45641E+01 1.31694E+02 1.58119E+02 1.75050E+02 1.85064E+02 % uranium
0.00000E+00 1.36774E-02 2.64421E-02 3.68245E-02 4.42135E-02 4.89477E-02 5.17479E-02 % U235
0.00000E+00 0.00000E+00 0.00000E+00 0.00000E+00 0.00000E+00 0.00000E+00 0.00000E+00 % Np237
0.00000E+00 0.00000E+00 0.00000E+00 0.00000E+00 0.00000E+00 0.00000E+00 0.00000E+00 % lost data
0.00000E+00 4.89162E+01 9.45680E+01 1.31700E+02 1.58126E+02 1.75057E+02 1.85072E+02 % total
];

MAT_dump_GSRC = [
0.00000E+00 6.89759E+12 6.65216E+13 2.04039E+14 3.96077E+14 6.08591E+14 8.20181E+14 % thorium
0.00000E+00 8.23802E+12 7.97151E+13 2.46294E+14 4.81988E+14 7.46491E+14 1.01477E+15 % uranium
0.00000E+00 2.40021E+08 4.64025E+08 6.46222E+08 7.75890E+08 8.58969E+08 9.08108E+08 % U235
0.00000E+00 1.19267E-06 2.28252E-05 1.05109E-04 2.72786E-04 5.22133E-04 8.32818E-04 % Np237
0.00000E+00 0.00000E+00 0.00000E+00 0.00000E+00 0.00000E+00 0.00000E+00 0.00000E+00 % lost data
0.00000E+00 1.79784E+16 1.34888E+17 3.57799E+17 6.35368E+17 9.22677E+17 1.19459E+18 % total
];

MAT_dump_ING_TOX = [
0.00000E+00 3.36874E+01 6.84224E+01 1.02470E+02 1.33081E+02 1.58685E+02 1.79138E+02 % thorium
0.00000E+00 5.48055E+02 3.35627E+03 9.54486E+03 1.81670E+04 2.77776E+04 3.74881E+04 % uranium
0.00000E+00 8.92833E+00 1.72608E+01 2.40382E+01 2.88616E+01 3.19520E+01 3.37799E+01 % U235
0.00000E+00 1.43123E-13 2.73909E-12 1.26134E-11 3.27351E-11 6.26575E-11 9.99405E-11 % Np237
0.00000E+00 0.00000E+00 0.00000E+00 0.00000E+00 0.00000E+00 0.00000E+00 0.00000E+00 % lost data
0.00000E+00 1.40288E+03 1.21607E+04 3.96968E+04 8.38624E+04 1.40542E+05 2.05374E+05 % total
];

MAT_dump_INH_TOX = [
0.00000E+00 1.59108E+04 3.07630E+04 4.28489E+04 5.14566E+04 5.69773E+04 6.02480E+04 % thorium
0.00000E+00 4.83426E+04 9.55023E+04 1.37333E+05 1.70857E+05 1.95970E+05 2.14405E+05 % uranium
0.00000E+00 1.61470E+03 3.12164E+03 4.34733E+03 5.21966E+03 5.77855E+03 6.10913E+03 % U235
0.00000E+00 6.50561E-11 1.24504E-09 5.73338E-09 1.48796E-08 2.84807E-08 4.54275E-08 % Np237
0.00000E+00 0.00000E+00 0.00000E+00 0.00000E+00 0.00000E+00 0.00000E+00 0.00000E+00 % lost data
0.00000E+00 6.46431E+04 1.30426E+05 1.94531E+05 2.53671E+05 3.06867E+05 3.55016E+05 % total
];

MAT_fuelsalt0_VOLUME = [ 6.25000E+04 6.25000E+04 6.25000E+04 6.25000E+04 6.25000E+04 6.25000E+04 6.25000E+04 ];

MAT_fuelsalt0_BURNUP = [ 0.00000E+00 0.00000E+00 0.00000E+00 0.00000E+00 0.00000E+00 0.00000E+00 0.00000E+00 ];

MAT_fuelsalt0_ADENS = [
1.48681E-03 5.46967E-04 2.01218E-04 7.40239E-05 2.72319E-05 1.00180E-05 3.68543E-06 % thorium
3.91266E-04 1.43939E-04 5.29521E-05 1.94800E-05 7.16628E-06 2.63632E-06 9.69843E-07 % uranium
9.78165E-05 3.59847E-05 1.32380E-05 4.86998E-06 1.79156E-06 6.59070E-07 2.42452E-07 % U235
0.00000E+00 1.74897E-20 2.91961E-20 2.82788E-20 2.21918E-20 1.58707E-20 1.10147E-20 % Np237
0.00000E+00 0.00000E+00 0.00000E+00 0.00000E+00 0.00000E+00 0.00000E+00 0.00000E+00 % lost data
3.88138E-02 1.42788E-02 5.25288E-03 1.93243E-03 7.10900E-04 2.61526E-04 9.62099E-05 % total
];

MAT_fuelsalt0_MDENS = [
5.72890E-01 2.10755E-01 7.75323E-02 2.85225E-02 1.04929E-02 3.86010E-03 1.42005E-03 % thorium
1.54171E-01 5.67165E-02 2.08648E-02 7.67574E-03 2.82374E-03 1.03880E-03 3.82150E-04 % uranium
3.81784E-02 1.40450E-02 5.16687E-03 1.90078E-03 6.99255E-04 2.57239E-04 9.46307E-05 % U235
0.00000E+00 6.88456E-18 1.14926E-17 1.11315E-17 8.73547E-18 6.24726E-18 4.33576E-18 % Np237
0.00000E+00 0.00000E+00 0.00000E+00 0.00000E+00 0.00000E+00 0.00000E+00 0.00000E+00 % lost data
1.94000E+00 7.13686E-01 2.62550E-01 9.65869E-02 3.55323E-02 1.30716E-02 4.80878E-03 % total
];

MAT_fuelsalt0_A = [
1.45272E+08 4.98556E+14 4.48786E+14 3.32514E+14 2.42105E+14 1.86674E+14 1.49916E+14 % thorium
5.17068E+09 1.54826E+14 1.45531E+14 1.13626E+14 8.67284E+13 6.77470E+13 5.54749E+13 % uranium
1.90794E+08 7.01892E+07 2.58211E+07 9.49904E+06 3.49449E+06 1.28554E+06 4.72911E+05 % U235
0.00000E+00 1.11988E-05 1.86944E-05 1.81071E-05 1.42095E-05 1.01621E-05 7.05276E-06 % Np237
0.00000E+00 0.00000E+00 0.00000E+00 0.00000E+00 0.00000E+00 0.00000E+00 0.00000E+00 % lost data
5.31596E+09 4.02428E+17 3.64371E+17 2.89754E+17 2.23631E+17 1.76765E+17 1.45186E+17 % total
];

MAT_fuelsalt0_H = [
9.52346E-05 3.48639E+01 3.13835E+01 2.32527E+01 1.69304E+01 1.30542E+01 1.04837E+01 % thorium
4.00913E-03 1.12845E+01 1.05977E+01 8.27356E+00 6.31863E+00 4.93936E+00 4.04672E+00 % uranium
1.43027E-04 5.26167E-05 1.93566E-05 7.12087E-06 2.61961E-06 9.63690E-07 3.54513E-07 % U235
0.00000E+00 8.89234E-18 1.48442E-17 1.43779E-17 1.12830E-17 8.06919E-18 5.60023E-18 % Np237
0.00000E+00 0.00000E+00 0.00000E+00 0.00000E+00 0.00000E+00 0.00000E+00 0.00000E+00 % lost data
4.10437E-03 1.86551E+05 1.78770E+05 1.44310E+05 1.11931E+05 8.84614E+04 7.25368E+04 % total
];

