
DETspectralFuel = [
    1    1    1    1    1    1    1    1    1    1  3.77405E-05 0.02332 
    2    2    1    1    1    1    1    1    1    1  9.07468E-04 0.00750 
    3    3    1    1    1    1    1    1    1    1  1.17319E-03 0.00768 
    4    4    1    1    1    1    1    1    1    1  1.66973E-03 0.00703 
    5    5    1    1    1    1    1    1    1    1  1.64218E-03 0.00728 
    6    6    1    1    1    1    1    1    1    1  3.03296E-03 0.00592 
    7    7    1    1    1    1    1    1    1    1  6.60275E-03 0.00415 
    8    8    1    1    1    1    1    1    1    1  8.38730E-03 0.00395 
    9    9    1    1    1    1    1    1    1    1  1.02052E-02 0.00353 
   10   10    1    1    1    1    1    1    1    1  2.58612E-02 0.00242 
   11   11    1    1    1    1    1    1    1    1  3.30146E-02 0.00235 
   12   12    1    1    1    1    1    1    1    1  1.13027E-01 0.00151 
   13   13    1    1    1    1    1    1    1    1  1.54682E-01 0.00134 
   14   14    1    1    1    1    1    1    1    1  1.73535E+00 0.00070 
   15   15    1    1    1    1    1    1    1    1  7.61079E-01 0.00080 
   16   16    1    1    1    1    1    1    1    1  1.89326E+00 0.00065 
   17   17    1    1    1    1    1    1    1    1  2.18986E+00 0.00061 
   18   18    1    1    1    1    1    1    1    1  2.40089E+00 0.00060 
   19   19    1    1    1    1    1    1    1    1  2.54502E+00 0.00058 
   20   20    1    1    1    1    1    1    1    1  2.63091E+00 0.00059 
   21   21    1    1    1    1    1    1    1    1  2.66877E+00 0.00057 
   22   22    1    1    1    1    1    1    1    1  2.67053E+00 0.00058 
   23   23    1    1    1    1    1    1    1    1  6.50410E+00 0.00051 
   24   24    1    1    1    1    1    1    1    1  6.03621E+00 0.00050 
   25   25    1    1    1    1    1    1    1    1  5.42782E+00 0.00049 
   26   26    1    1    1    1    1    1    1    1  4.77673E+00 0.00050 
   27   27    1    1    1    1    1    1    1    1  4.14785E+00 0.00050 
   28   28    1    1    1    1    1    1    1    1  3.56693E+00 0.00051 
   29   29    1    1    1    1    1    1    1    1  3.05054E+00 0.00053 
   30   30    1    1    1    1    1    1    1    1  2.60865E+00 0.00054 
   31   31    1    1    1    1    1    1    1    1  2.23351E+00 0.00056 
   32   32    1    1    1    1    1    1    1    1  1.91856E+00 0.00059 
   33   33    1    1    1    1    1    1    1    1  1.65529E+00 0.00062 
   34   34    1    1    1    1    1    1    1    1  1.43440E+00 0.00064 
   35   35    1    1    1    1    1    1    1    1  2.34951E+00 0.00058 
   36   36    1    1    1    1    1    1    1    1  1.83881E+00 0.00061 
   37   37    1    1    1    1    1    1    1    1  1.48325E+00 0.00063 
   38   38    1    1    1    1    1    1    1    1  1.23444E+00 0.00067 
   39   39    1    1    1    1    1    1    1    1  5.45782E-01 0.00086 
   40   40    1    1    1    1    1    1    1    1  5.09250E-01 0.00088 
   41   41    1    1    1    1    1    1    1    1  9.23150E-01 0.00073 
   42   42    1    1    1    1    1    1    1    1  8.23833E-01 0.00076 
   43   43    1    1    1    1    1    1    1    1  7.45019E-01 0.00077 
   44   44    1    1    1    1    1    1    1    1  6.82693E-01 0.00078 
   45   45    1    1    1    1    1    1    1    1  6.32061E-01 0.00083 
   46   46    1    1    1    1    1    1    1    1  2.99691E-01 0.00110 
   47   47    1    1    1    1    1    1    1    1  2.89659E-01 0.00107 
   48   48    1    1    1    1    1    1    1    1  2.80191E-01 0.00111 
   49   49    1    1    1    1    1    1    1    1  2.71498E-01 0.00111 
   50   50    1    1    1    1    1    1    1    1  1.06227E-01 0.00172 
   51   51    1    1    1    1    1    1    1    1  1.04988E-01 0.00168 
   52   52    1    1    1    1    1    1    1    1  1.03702E-01 0.00170 
   53   53    1    1    1    1    1    1    1    1  1.02460E-01 0.00171 
   54   54    1    1    1    1    1    1    1    1  1.01618E-01 0.00169 
   55   55    1    1    1    1    1    1    1    1  1.00131E-01 0.00173 
   56   56    1    1    1    1    1    1    1    1  9.89976E-02 0.00172 
   57   57    1    1    1    1    1    1    1    1  9.79167E-02 0.00176 
   58   58    1    1    1    1    1    1    1    1  9.69805E-02 0.00175 
   59   59    1    1    1    1    1    1    1    1  9.60369E-02 0.00173 
   60   60    1    1    1    1    1    1    1    1  9.46415E-02 0.00172 
   61   61    1    1    1    1    1    1    1    1  9.40708E-02 0.00176 
   62   62    1    1    1    1    1    1    1    1  9.32103E-02 0.00177 
   63   63    1    1    1    1    1    1    1    1  9.23111E-02 0.00180 
   64   64    1    1    1    1    1    1    1    1  9.13615E-02 0.00177 
   65   65    1    1    1    1    1    1    1    1  2.23959E-01 0.00119 
   66   66    1    1    1    1    1    1    1    1  2.18824E-01 0.00122 
   67   67    1    1    1    1    1    1    1    1  2.14987E-01 0.00120 
   68   68    1    1    1    1    1    1    1    1  2.09719E-01 0.00127 
   69   69    1    1    1    1    1    1    1    1  4.06907E-01 0.00093 
   70   70    1    1    1    1    1    1    1    1  3.90210E-01 0.00094 
   71   71    1    1    1    1    1    1    1    1  3.74555E-01 0.00100 
   72   72    1    1    1    1    1    1    1    1  3.60466E-01 0.00100 
   73   73    1    1    1    1    1    1    1    1  3.46490E-01 0.00100 
   74   74    1    1    1    1    1    1    1    1  5.93330E-01 0.00084 
   75   75    1    1    1    1    1    1    1    1  5.59100E-01 0.00081 
   76   76    1    1    1    1    1    1    1    1  5.26752E-01 0.00084 
   77   77    1    1    1    1    1    1    1    1  4.99240E-01 0.00087 
   78   78    1    1    1    1    1    1    1    1  4.21958E-01 0.00091 
   79   79    1    1    1    1    1    1    1    1  3.04952E-01 0.00105 
   80   80    1    1    1    1    1    1    1    1  5.80036E-01 0.00079 
   81   81    1    1    1    1    1    1    1    1  4.14744E-01 0.00090 
   82   82    1    1    1    1    1    1    1    1  3.97210E-01 0.00091 
   83   83    1    1    1    1    1    1    1    1  3.39326E-01 0.00099 
   84   84    1    1    1    1    1    1    1    1  3.67648E-01 0.00095 
   85   85    1    1    1    1    1    1    1    1  3.93017E-01 0.00093 
   86   86    1    1    1    1    1    1    1    1  3.77715E-01 0.00093 
   87   87    1    1    1    1    1    1    1    1  3.62480E-01 0.00096 
   88   88    1    1    1    1    1    1    1    1  3.49660E-01 0.00098 
   89   89    1    1    1    1    1    1    1    1  3.37480E-01 0.00099 
   90   90    1    1    1    1    1    1    1    1  9.86987E-02 0.00173 
   91   91    1    1    1    1    1    1    1    1  1.62316E-01 0.00137 
   92   92    1    1    1    1    1    1    1    1  3.16917E-01 0.00102 
   93   93    1    1    1    1    1    1    1    1  1.03406E+00 0.00061 
   94   94    1    1    1    1    1    1    1    1  6.21890E-01 0.00077 
   95   95    1    1    1    1    1    1    1    1  6.85581E-01 0.00073 
   96   96    1    1    1    1    1    1    1    1  1.68337E+00 0.00050 
   97   97    1    1    1    1    1    1    1    1  5.00065E-01 0.00084 
   98   98    1    1    1    1    1    1    1    1  7.54942E-01 0.00071 
   99   99    1    1    1    1    1    1    1    1  1.03593E+00 0.00058 
  100  100    1    1    1    1    1    1    1    1  4.02249E-01 0.00090 
  101  101    1    1    1    1    1    1    1    1  3.81518E-01 0.00087 
  102  102    1    1    1    1    1    1    1    1  3.06916E-01 0.00091 
  103  103    1    1    1    1    1    1    1    1  3.57230E-01 0.00093 
  104  104    1    1    1    1    1    1    1    1  2.19185E-01 0.00117 
  105  105    1    1    1    1    1    1    1    1  1.30329E+00 0.00054 
  106  106    1    1    1    1    1    1    1    1  1.20806E+00 0.00054 
  107  107    1    1    1    1    1    1    1    1  9.94366E-01 0.00059 
  108  108    1    1    1    1    1    1    1    1  1.47987E+00 0.00052 
  109  109    1    1    1    1    1    1    1    1  3.58866E-01 0.00089 
