
DETspectralFuel = [
    1    1    1    1    1    1    1    1    1    1  3.88715E-05 0.04478 
    2    2    1    1    1    1    1    1    1    1  9.16759E-04 0.01663 
    3    3    1    1    1    1    1    1    1    1  1.19941E-03 0.01576 
    4    4    1    1    1    1    1    1    1    1  1.71733E-03 0.01565 
    5    5    1    1    1    1    1    1    1    1  1.75061E-03 0.02576 
    6    6    1    1    1    1    1    1    1    1  3.13729E-03 0.01370 
    7    7    1    1    1    1    1    1    1    1  6.79208E-03 0.01000 
    8    8    1    1    1    1    1    1    1    1  8.72443E-03 0.00854 
    9    9    1    1    1    1    1    1    1    1  1.06152E-02 0.00684 
   10   10    1    1    1    1    1    1    1    1  2.68191E-02 0.00473 
   11   11    1    1    1    1    1    1    1    1  3.41428E-02 0.00403 
   12   12    1    1    1    1    1    1    1    1  1.17012E-01 0.00298 
   13   13    1    1    1    1    1    1    1    1  1.60035E-01 0.00253 
   14   14    1    1    1    1    1    1    1    1  1.79850E+00 0.00128 
   15   15    1    1    1    1    1    1    1    1  7.87333E-01 0.00152 
   16   16    1    1    1    1    1    1    1    1  1.96400E+00 0.00122 
   17   17    1    1    1    1    1    1    1    1  2.27329E+00 0.00143 
   18   18    1    1    1    1    1    1    1    1  2.48855E+00 0.00127 
   19   19    1    1    1    1    1    1    1    1  2.64010E+00 0.00110 
   20   20    1    1    1    1    1    1    1    1  2.72703E+00 0.00130 
   21   21    1    1    1    1    1    1    1    1  2.76435E+00 0.00109 
   22   22    1    1    1    1    1    1    1    1  2.76572E+00 0.00098 
   23   23    1    1    1    1    1    1    1    1  6.74558E+00 0.00102 
   24   24    1    1    1    1    1    1    1    1  6.25603E+00 0.00086 
   25   25    1    1    1    1    1    1    1    1  5.61576E+00 0.00090 
   26   26    1    1    1    1    1    1    1    1  4.94089E+00 0.00083 
   27   27    1    1    1    1    1    1    1    1  4.28462E+00 0.00110 
   28   28    1    1    1    1    1    1    1    1  3.67779E+00 0.00098 
   29   29    1    1    1    1    1    1    1    1  3.14587E+00 0.00101 
   30   30    1    1    1    1    1    1    1    1  2.68718E+00 0.00111 
   31   31    1    1    1    1    1    1    1    1  2.29697E+00 0.00100 
   32   32    1    1    1    1    1    1    1    1  1.97220E+00 0.00090 
   33   33    1    1    1    1    1    1    1    1  1.69908E+00 0.00122 
   34   34    1    1    1    1    1    1    1    1  1.47171E+00 0.00107 
   35   35    1    1    1    1    1    1    1    1  2.40717E+00 0.00136 
   36   36    1    1    1    1    1    1    1    1  1.87998E+00 0.00115 
   37   37    1    1    1    1    1    1    1    1  1.51376E+00 0.00139 
   38   38    1    1    1    1    1    1    1    1  1.25972E+00 0.00144 
   39   39    1    1    1    1    1    1    1    1  5.57158E-01 0.00150 
   40   40    1    1    1    1    1    1    1    1  5.18225E-01 0.00174 
   41   41    1    1    1    1    1    1    1    1  9.38195E-01 0.00140 
   42   42    1    1    1    1    1    1    1    1  8.37738E-01 0.00142 
   43   43    1    1    1    1    1    1    1    1  7.57422E-01 0.00157 
   44   44    1    1    1    1    1    1    1    1  6.95886E-01 0.00154 
   45   45    1    1    1    1    1    1    1    1  6.42288E-01 0.00175 
   46   46    1    1    1    1    1    1    1    1  3.03465E-01 0.00184 
   47   47    1    1    1    1    1    1    1    1  2.93240E-01 0.00196 
   48   48    1    1    1    1    1    1    1    1  2.83530E-01 0.00238 
   49   49    1    1    1    1    1    1    1    1  2.75430E-01 0.00217 
   50   50    1    1    1    1    1    1    1    1  1.07974E-01 0.00355 
   51   51    1    1    1    1    1    1    1    1  1.06697E-01 0.00299 
   52   52    1    1    1    1    1    1    1    1  1.04901E-01 0.00400 
   53   53    1    1    1    1    1    1    1    1  1.04106E-01 0.00364 
   54   54    1    1    1    1    1    1    1    1  1.02910E-01 0.00366 
   55   55    1    1    1    1    1    1    1    1  1.02039E-01 0.00380 
   56   56    1    1    1    1    1    1    1    1  1.00738E-01 0.00327 
   57   57    1    1    1    1    1    1    1    1  9.94793E-02 0.00350 
   58   58    1    1    1    1    1    1    1    1  9.81375E-02 0.00430 
   59   59    1    1    1    1    1    1    1    1  9.83683E-02 0.00296 
   60   60    1    1    1    1    1    1    1    1  9.66745E-02 0.00380 
   61   61    1    1    1    1    1    1    1    1  9.56474E-02 0.00360 
   62   62    1    1    1    1    1    1    1    1  9.42445E-02 0.00443 
   63   63    1    1    1    1    1    1    1    1  9.41293E-02 0.00338 
   64   64    1    1    1    1    1    1    1    1  9.20445E-02 0.00375 
   65   65    1    1    1    1    1    1    1    1  2.27826E-01 0.00262 
   66   66    1    1    1    1    1    1    1    1  2.22589E-01 0.00248 
   67   67    1    1    1    1    1    1    1    1  2.17574E-01 0.00194 
   68   68    1    1    1    1    1    1    1    1  2.13196E-01 0.00242 
   69   69    1    1    1    1    1    1    1    1  4.12720E-01 0.00216 
   70   70    1    1    1    1    1    1    1    1  3.94963E-01 0.00203 
   71   71    1    1    1    1    1    1    1    1  3.80104E-01 0.00189 
   72   72    1    1    1    1    1    1    1    1  3.64337E-01 0.00209 
   73   73    1    1    1    1    1    1    1    1  3.51935E-01 0.00192 
   74   74    1    1    1    1    1    1    1    1  6.02605E-01 0.00158 
   75   75    1    1    1    1    1    1    1    1  5.66607E-01 0.00182 
   76   76    1    1    1    1    1    1    1    1  5.35942E-01 0.00158 
   77   77    1    1    1    1    1    1    1    1  5.05360E-01 0.00181 
   78   78    1    1    1    1    1    1    1    1  4.28262E-01 0.00169 
   79   79    1    1    1    1    1    1    1    1  3.09294E-01 0.00197 
   80   80    1    1    1    1    1    1    1    1  5.88214E-01 0.00131 
   81   81    1    1    1    1    1    1    1    1  4.20375E-01 0.00212 
   82   82    1    1    1    1    1    1    1    1  4.01969E-01 0.00193 
   83   83    1    1    1    1    1    1    1    1  3.44037E-01 0.00196 
   84   84    1    1    1    1    1    1    1    1  3.72317E-01 0.00188 
   85   85    1    1    1    1    1    1    1    1  3.97863E-01 0.00184 
   86   86    1    1    1    1    1    1    1    1  3.83184E-01 0.00200 
   87   87    1    1    1    1    1    1    1    1  3.68100E-01 0.00223 
   88   88    1    1    1    1    1    1    1    1  3.54867E-01 0.00174 
   89   89    1    1    1    1    1    1    1    1  3.41400E-01 0.00203 
   90   90    1    1    1    1    1    1    1    1  1.00004E-01 0.00357 
   91   91    1    1    1    1    1    1    1    1  1.64119E-01 0.00292 
   92   92    1    1    1    1    1    1    1    1  3.19481E-01 0.00258 
   93   93    1    1    1    1    1    1    1    1  1.04726E+00 0.00091 
   94   94    1    1    1    1    1    1    1    1  6.28165E-01 0.00140 
   95   95    1    1    1    1    1    1    1    1  6.92144E-01 0.00158 
   96   96    1    1    1    1    1    1    1    1  1.70229E+00 0.00094 
   97   97    1    1    1    1    1    1    1    1  5.06102E-01 0.00159 
   98   98    1    1    1    1    1    1    1    1  7.63405E-01 0.00135 
   99   99    1    1    1    1    1    1    1    1  1.04819E+00 0.00107 
  100  100    1    1    1    1    1    1    1    1  4.07408E-01 0.00160 
  101  101    1    1    1    1    1    1    1    1  3.87099E-01 0.00177 
  102  102    1    1    1    1    1    1    1    1  3.10193E-01 0.00185 
  103  103    1    1    1    1    1    1    1    1  3.61203E-01 0.00219 
  104  104    1    1    1    1    1    1    1    1  2.20413E-01 0.00194 
  105  105    1    1    1    1    1    1    1    1  1.31914E+00 0.00115 
  106  106    1    1    1    1    1    1    1    1  1.21968E+00 0.00111 
  107  107    1    1    1    1    1    1    1    1  1.00387E+00 0.00121 
  108  108    1    1    1    1    1    1    1    1  1.49543E+00 0.00098 
  109  109    1    1    1    1    1    1    1    1  3.63351E-01 0.00203 
