
ZAI = [
30070
40090
90190
902320
922330
10010
10020
20040
20060
30060
30080
666
0
];

NAMES = [
'Li7             '
'Be9             '
'F19             '
'Th232           '
'U233            '
'H1              '
'H2              '
'He4             '
'He6             '
'Li6             '
'Li8             '
'lost            '
'total           '
];

i30070  = 1; iLi7              = 1;
i40090  = 2; iBe9              = 2;
i90190  = 3; iF19              = 3;
i902320 = 4; iTh232            = 4;
i922330 = 5; iU233             = 5;
i10010  = 6; iH1               = 6;
i10020  = 7; iH2               = 7;
i20040  = 8; iHe4              = 8;
i20060  = 9; iHe6              = 9;
i30060  = 10; iLi6              = 10;
i30080  = 11; iLi8              = 11;
iLOST    = 12;
iTOT     = 13;

MAT_fuelsalt0_VOLUME = [ 2.59000E+07 2.59000E+07 ];

MAT_fuelsalt0_BURNUP = [ 0.00000E+00 0.00000E+00 ];

MAT_fuelsalt0_ADENS = [
2.26421E-02 4.72102E-14 % Li7
5.04911E-03 1.05264E-14 % Be9
4.82077E-02 1.00530E-13 % F19
3.78685E-03 7.89974E-15 % Th232
7.88917E-05 1.09751E-16 % U233
3.32169E-13 6.92485E-25 % H1
1.26725E-14 2.64470E-26 % H2
3.27487E-11 2.01146E-15 % He4
8.40604E-16 0.00000E+00 % He6
1.43463E-12 9.76573E-17 % Li6
8.09485E-15 0.00000E+00 % Li8
1.52472E-15 1.57918E-15 % lost data
7.97647E-02 1.68385E-13 % total
];

MAT_fuelsalt0_MDENS = [
2.63793E-01 5.50024E-13 % Li7
7.55617E-02 1.57531E-13 % Be9
1.52085E+00 3.17148E-12 % F19
1.45913E+00 3.04389E-12 % Th232
3.05293E-02 4.24711E-14 % U233
5.55904E-13 1.15892E-24 % H1
4.23838E-14 8.84532E-26 % H2
2.17667E-10 1.33693E-14 % He4
8.40164E-15 0.00000E+00 % He6
1.43298E-11 9.75451E-16 % Li6
1.07839E-13 0.00000E+00 % Li8
0.00000E+00 0.00000E+00 % lost data
3.34986E+00 6.97975E-12 % total
];

MAT_fuelsalt0_A = [
0.00000E+00 0.00000E+00 % Li7
0.00000E+00 0.00000E+00 % Be9
0.00000E+00 0.00000E+00 % F19
1.53329E+11 3.19859E-01 % Th232
2.81910E+14 3.92181E+02 % U233
0.00000E+00 0.00000E+00 % H1
0.00000E+00 0.00000E+00 % H2
0.00000E+00 0.00000E+00 % He4
1.87070E+16 0.00000E+00 % He6
0.00000E+00 0.00000E+00 % Li6
1.73024E+17 0.00000E+00 % Li8
0.00000E+00 0.00000E+00 % lost data
1.92013E+17 3.92501E+02 % total
];

MAT_fuelsalt0_H = [
0.00000E+00 0.00000E+00 % Li7
0.00000E+00 0.00000E+00 % Be9
0.00000E+00 0.00000E+00 % F19
1.00177E-01 2.08979E-13 % Th232
2.21703E+02 3.08424E-10 % U233
0.00000E+00 0.00000E+00 % H1
0.00000E+00 0.00000E+00 % H2
0.00000E+00 0.00000E+00 % He4
7.01006E+03 0.00000E+00 % He6
0.00000E+00 0.00000E+00 % Li6
3.34675E+05 0.00000E+00 % Li8
0.00000E+00 0.00000E+00 % lost data
3.41907E+05 3.08633E-10 % total
];

MAT_fuelsalt0_SF = [
0.00000E+00 0.00000E+00 % Li7
0.00000E+00 0.00000E+00 % Be9
0.00000E+00 0.00000E+00 % F19
1.53329E+00 3.19859E-12 % Th232
0.00000E+00 0.00000E+00 % U233
0.00000E+00 0.00000E+00 % H1
0.00000E+00 0.00000E+00 % H2
0.00000E+00 0.00000E+00 % He4
0.00000E+00 0.00000E+00 % He6
0.00000E+00 0.00000E+00 % Li6
0.00000E+00 0.00000E+00 % Li8
0.00000E+00 0.00000E+00 % lost data
1.53329E+00 3.19859E-12 % total
];

MAT_fuelsalt0_GSRC = [
0.00000E+00 0.00000E+00 % Li7
0.00000E+00 0.00000E+00 % Be9
0.00000E+00 0.00000E+00 % F19
1.12370E+10 2.34414E-02 % Th232
0.00000E+00 0.00000E+00 % U233
0.00000E+00 0.00000E+00 % H1
0.00000E+00 0.00000E+00 % H2
0.00000E+00 0.00000E+00 % He4
0.00000E+00 0.00000E+00 % He6
0.00000E+00 0.00000E+00 % Li6
0.00000E+00 0.00000E+00 % Li8
0.00000E+00 0.00000E+00 % lost data
1.12370E+10 2.34414E-02 % total
];

MAT_fuelsalt0_ING_TOX = [
0.00000E+00 0.00000E+00 % Li7
0.00000E+00 0.00000E+00 % Be9
0.00000E+00 0.00000E+00 % F19
3.52656E+04 7.35675E-08 % Th232
1.43774E+07 2.00012E-05 % U233
0.00000E+00 0.00000E+00 % H1
0.00000E+00 0.00000E+00 % H2
0.00000E+00 0.00000E+00 % He4
0.00000E+00 0.00000E+00 % He6
0.00000E+00 0.00000E+00 % Li6
0.00000E+00 0.00000E+00 % Li8
0.00000E+00 0.00000E+00 % lost data
1.44127E+07 2.00748E-05 % total
];

MAT_fuelsalt0_INH_TOX = [
0.00000E+00 0.00000E+00 % Li7
0.00000E+00 0.00000E+00 % Be9
0.00000E+00 0.00000E+00 % F19
1.68661E+07 3.51845E-05 % Th232
2.70634E+09 3.76494E-03 % U233
0.00000E+00 0.00000E+00 % H1
0.00000E+00 0.00000E+00 % H2
0.00000E+00 0.00000E+00 % He4
0.00000E+00 0.00000E+00 % He6
0.00000E+00 0.00000E+00 % Li6
0.00000E+00 0.00000E+00 % Li8
0.00000E+00 0.00000E+00 % lost data
2.72320E+09 3.80012E-03 % total
];

MAT_fuelsalt2_VOLUME = [ 2.59000E+07 2.59000E+07 ];

MAT_fuelsalt2_BURNUP = [ 0.00000E+00 0.00000E+00 ];

MAT_fuelsalt2_ADENS = [
4.72029E-14 2.26442E-02 % Li7
1.05315E-14 5.04958E-03 % Be9
1.00627E-13 4.82122E-02 % F19
7.90130E-15 3.78720E-03 % Th232
1.10407E-16 7.88997E-05 % U233
1.69298E-25 6.32525E-14 % H1
8.58395E-27 3.54565E-15 % H2
2.01760E-15 6.96321E-12 % He4
0.00000E+00 8.27287E-16 % He6
9.46476E-17 3.06328E-13 % Li6
0.00000E+00 8.10953E-15 % Li8
1.52476E-15 1.57922E-15 % lost data
1.68486E-13 7.97721E-02 % total
];

MAT_fuelsalt2_MDENS = [
5.49939E-13 2.63818E-01 % Li7
1.57607E-13 7.55688E-02 % Be9
3.17457E-12 1.52099E+00 % F19
3.04449E-12 1.45926E+00 % Th232
4.27251E-14 3.05324E-02 % U233
2.83330E-25 1.05857E-13 % H1
2.87094E-26 1.18586E-14 % H2
1.34102E-14 4.62816E-11 % He4
0.00000E+00 8.26854E-15 % He6
9.45388E-16 3.05976E-12 % Li6
0.00000E+00 1.08034E-13 % Li8
0.00000E+00 0.00000E+00 % lost data
6.98369E-12 3.35017E+00 % total
];

MAT_fuelsalt2_A = [
0.00000E+00 0.00000E+00 % Li7
0.00000E+00 0.00000E+00 % Be9
0.00000E+00 0.00000E+00 % F19
3.19922E-01 1.53343E+11 % Th232
3.94527E+02 2.81938E+14 % U233
0.00000E+00 0.00000E+00 % H1
0.00000E+00 0.00000E+00 % H2
0.00000E+00 0.00000E+00 % He4
0.00000E+00 1.84107E+16 % He6
0.00000E+00 0.00000E+00 % Li6
0.00000E+00 1.73338E+17 % Li8
0.00000E+00 0.00000E+00 % lost data
3.94847E+02 1.92031E+17 % total
];

MAT_fuelsalt2_H = [
0.00000E+00 0.00000E+00 % Li7
0.00000E+00 0.00000E+00 % Be9
0.00000E+00 0.00000E+00 % F19
2.09020E-13 1.00186E-01 % Th232
3.10269E-10 2.21726E+02 % U233
0.00000E+00 0.00000E+00 % H1
0.00000E+00 0.00000E+00 % H2
0.00000E+00 0.00000E+00 % He4
0.00000E+00 6.89901E+03 % He6
0.00000E+00 0.00000E+00 % Li6
0.00000E+00 3.35282E+05 % Li8
0.00000E+00 0.00000E+00 % lost data
3.10478E-10 3.42403E+05 % total
];

MAT_fuelsalt2_SF = [
0.00000E+00 0.00000E+00 % Li7
0.00000E+00 0.00000E+00 % Be9
0.00000E+00 0.00000E+00 % F19
3.19922E-12 1.53343E+00 % Th232
0.00000E+00 0.00000E+00 % U233
0.00000E+00 0.00000E+00 % H1
0.00000E+00 0.00000E+00 % H2
0.00000E+00 0.00000E+00 % He4
0.00000E+00 0.00000E+00 % He6
0.00000E+00 0.00000E+00 % Li6
0.00000E+00 0.00000E+00 % Li8
0.00000E+00 0.00000E+00 % lost data
3.19922E-12 1.53343E+00 % total
];

MAT_fuelsalt2_GSRC = [
0.00000E+00 0.00000E+00 % Li7
0.00000E+00 0.00000E+00 % Be9
0.00000E+00 0.00000E+00 % F19
2.34460E-02 1.12380E+10 % Th232
0.00000E+00 0.00000E+00 % U233
0.00000E+00 0.00000E+00 % H1
0.00000E+00 0.00000E+00 % H2
0.00000E+00 0.00000E+00 % He4
0.00000E+00 0.00000E+00 % He6
0.00000E+00 0.00000E+00 % Li6
0.00000E+00 0.00000E+00 % Li8
0.00000E+00 0.00000E+00 % lost data
2.34460E-02 1.12380E+10 % total
];

MAT_fuelsalt2_ING_TOX = [
0.00000E+00 0.00000E+00 % Li7
0.00000E+00 0.00000E+00 % Be9
0.00000E+00 0.00000E+00 % F19
7.35820E-08 3.52688E+04 % Th232
2.01209E-05 1.43789E+07 % U233
0.00000E+00 0.00000E+00 % H1
0.00000E+00 0.00000E+00 % H2
0.00000E+00 0.00000E+00 % He4
0.00000E+00 0.00000E+00 % He6
0.00000E+00 0.00000E+00 % Li6
0.00000E+00 0.00000E+00 % Li8
0.00000E+00 0.00000E+00 % lost data
2.01944E-05 1.44141E+07 % total
];

MAT_fuelsalt2_INH_TOX = [
0.00000E+00 0.00000E+00 % Li7
0.00000E+00 0.00000E+00 % Be9
0.00000E+00 0.00000E+00 % F19
3.51914E-05 1.68677E+07 % Th232
3.78746E-03 2.70661E+09 % U233
0.00000E+00 0.00000E+00 % H1
0.00000E+00 0.00000E+00 % H2
0.00000E+00 0.00000E+00 % He4
0.00000E+00 0.00000E+00 % He6
0.00000E+00 0.00000E+00 % Li6
0.00000E+00 0.00000E+00 % Li8
0.00000E+00 0.00000E+00 % lost data
3.82265E-03 2.72348E+09 % total
];

MAT_fuelsalt999_VOLUME = [ 2.28000E+07 2.28000E+07 ];

MAT_fuelsalt999_BURNUP = [ 0.00000E+00 0.00000E+00 ];

