
ZAI = [
30070
40090
90190
902320
922330
10010
10020
20040
20060
30060
30080
666
0
];

NAMES = [
'Li7             '
'Be9             '
'F19             '
'Th232           '
'U233            '
'H1              '
'H2              '
'He4             '
'He6             '
'Li6             '
'Li8             '
'lost            '
'total           '
];

i30070  = 1; iLi7              = 1;
i40090  = 2; iBe9              = 2;
i90190  = 3; iF19              = 3;
i902320 = 4; iTh232            = 4;
i922330 = 5; iU233             = 5;
i10010  = 6; iH1               = 6;
i10020  = 7; iH2               = 7;
i20040  = 8; iHe4              = 8;
i20060  = 9; iHe6              = 9;
i30060  = 10; iLi6              = 10;
i30080  = 11; iLi8              = 11;
iLOST    = 12;
iTOT     = 13;

MAT_fuelsalt0_VOLUME = [ 2.59000E+07 2.59000E+07 ];

MAT_fuelsalt0_BURNUP = [ 0.00000E+00 0.00000E+00 ];

MAT_fuelsalt0_ADENS = [
2.26418E-02 4.73119E-14 % Li7
5.04905E-03 1.05325E-14 % Be9
4.82071E-02 1.00495E-13 % F19
3.78680E-03 7.87797E-15 % Th232
7.88906E-05 1.10278E-16 % U233
3.84814E-13 8.01839E-25 % H1
1.45107E-14 3.01992E-26 % H2
3.78360E-11 2.01299E-15 % He4
8.41416E-16 0.00000E+00 % He6
1.65762E-12 9.77516E-17 % Li6
8.10119E-15 0.00000E+00 % Li8
1.63363E-15 1.68808E-15 % lost data
7.97637E-02 1.68438E-13 % total
];

MAT_fuelsalt0_MDENS = [
2.63790E-01 5.51209E-13 % Li7
7.55608E-02 1.57622E-13 % Be9
1.52083E+00 3.17039E-12 % F19
1.45911E+00 3.03550E-12 % Th232
3.05289E-02 4.26749E-14 % U233
6.44009E-13 1.34193E-24 % H1
4.85317E-14 1.01003E-25 % H2
2.51480E-10 1.33795E-14 % He4
8.40975E-15 0.00000E+00 % He6
1.65572E-11 9.76393E-16 % Li6
1.07923E-13 0.00000E+00 % Li8
0.00000E+00 0.00000E+00 % lost data
3.34982E+00 6.97175E-12 % total
];

MAT_fuelsalt0_A = [
0.00000E+00 0.00000E+00 % Li7
0.00000E+00 0.00000E+00 % Be9
0.00000E+00 0.00000E+00 % F19
1.53327E+11 3.18977E-01 % Th232
2.81906E+14 3.94063E+02 % U233
0.00000E+00 0.00000E+00 % H1
0.00000E+00 0.00000E+00 % H2
0.00000E+00 0.00000E+00 % He4
1.87251E+16 0.00000E+00 % He6
0.00000E+00 0.00000E+00 % Li6
1.73160E+17 0.00000E+00 % Li8
0.00000E+00 0.00000E+00 % lost data
1.92167E+17 3.94382E+02 % total
];

MAT_fuelsalt0_H = [
0.00000E+00 0.00000E+00 % Li7
0.00000E+00 0.00000E+00 % Be9
0.00000E+00 0.00000E+00 % F19
1.00176E-01 2.08403E-13 % Th232
2.21700E+02 3.09904E-10 % U233
0.00000E+00 0.00000E+00 % H1
0.00000E+00 0.00000E+00 % H2
0.00000E+00 0.00000E+00 % He4
7.01683E+03 0.00000E+00 % He6
0.00000E+00 0.00000E+00 % Li6
3.34937E+05 0.00000E+00 % Li8
0.00000E+00 0.00000E+00 % lost data
3.42176E+05 3.10113E-10 % total
];

MAT_fuelsalt0_SF = [
0.00000E+00 0.00000E+00 % Li7
0.00000E+00 0.00000E+00 % Be9
0.00000E+00 0.00000E+00 % F19
1.53327E+00 3.18977E-12 % Th232
0.00000E+00 0.00000E+00 % U233
0.00000E+00 0.00000E+00 % H1
0.00000E+00 0.00000E+00 % H2
0.00000E+00 0.00000E+00 % He4
0.00000E+00 0.00000E+00 % He6
0.00000E+00 0.00000E+00 % Li6
0.00000E+00 0.00000E+00 % Li8
0.00000E+00 0.00000E+00 % lost data
1.53327E+00 3.18977E-12 % total
];

MAT_fuelsalt0_GSRC = [
0.00000E+00 0.00000E+00 % Li7
0.00000E+00 0.00000E+00 % Be9
0.00000E+00 0.00000E+00 % F19
1.12368E+10 2.33768E-02 % Th232
0.00000E+00 0.00000E+00 % U233
0.00000E+00 0.00000E+00 % H1
0.00000E+00 0.00000E+00 % H2
0.00000E+00 0.00000E+00 % He4
0.00000E+00 0.00000E+00 % He6
0.00000E+00 0.00000E+00 % Li6
0.00000E+00 0.00000E+00 % Li8
0.00000E+00 0.00000E+00 % lost data
1.12368E+10 2.33768E-02 % total
];

MAT_fuelsalt0_ING_TOX = [
0.00000E+00 0.00000E+00 % Li7
0.00000E+00 0.00000E+00 % Be9
0.00000E+00 0.00000E+00 % F19
3.52651E+04 7.33648E-08 % Th232
1.43772E+07 2.00972E-05 % U233
0.00000E+00 0.00000E+00 % H1
0.00000E+00 0.00000E+00 % H2
0.00000E+00 0.00000E+00 % He4
0.00000E+00 0.00000E+00 % He6
0.00000E+00 0.00000E+00 % Li6
0.00000E+00 0.00000E+00 % Li8
0.00000E+00 0.00000E+00 % lost data
1.44125E+07 2.01706E-05 % total
];

MAT_fuelsalt0_INH_TOX = [
0.00000E+00 0.00000E+00 % Li7
0.00000E+00 0.00000E+00 % Be9
0.00000E+00 0.00000E+00 % F19
1.68659E+07 3.50875E-05 % Th232
2.70630E+09 3.78301E-03 % U233
0.00000E+00 0.00000E+00 % H1
0.00000E+00 0.00000E+00 % H2
0.00000E+00 0.00000E+00 % He4
0.00000E+00 0.00000E+00 % He6
0.00000E+00 0.00000E+00 % Li6
0.00000E+00 0.00000E+00 % Li8
0.00000E+00 0.00000E+00 % lost data
2.72316E+09 3.81810E-03 % total
];

MAT_fuelsalt2_VOLUME = [ 2.59000E+07 2.59000E+07 ];

MAT_fuelsalt2_BURNUP = [ 0.00000E+00 0.00000E+00 ];

MAT_fuelsalt2_ADENS = [
4.72001E-14 2.26446E-02 % Li7
1.05438E-14 5.04965E-03 % Be9
1.00543E-13 4.82129E-02 % F19
7.89196E-15 3.78725E-03 % Th232
1.09943E-16 7.89008E-05 % U233
1.31987E-25 3.52798E-14 % H1
7.39525E-27 2.67444E-15 % H2
2.01502E-15 4.34417E-12 % He4
0.00000E+00 8.40190E-16 % He6
9.61102E-17 1.92223E-13 % Li6
0.00000E+00 8.09525E-15 % Li8
1.63368E-15 1.68814E-15 % lost data
1.68400E-13 7.97733E-02 % total
];

MAT_fuelsalt2_MDENS = [
5.49907E-13 2.63821E-01 % Li7
1.57792E-13 7.55699E-02 % Be9
3.17191E-12 1.52101E+00 % F19
3.04089E-12 1.45929E+00 % Th232
4.25455E-14 3.05329E-02 % U233
2.20888E-25 5.90428E-14 % H1
2.47338E-26 8.94479E-15 % H2
1.33930E-14 2.88739E-11 % He4
0.00000E+00 8.39750E-15 % He6
9.59997E-16 1.92002E-12 % Li6
0.00000E+00 1.07844E-13 % Li8
0.00000E+00 0.00000E+00 % lost data
6.97740E-12 3.35022E+00 % total
];

MAT_fuelsalt2_A = [
0.00000E+00 0.00000E+00 % Li7
0.00000E+00 0.00000E+00 % Be9
0.00000E+00 0.00000E+00 % F19
3.19543E-01 1.53345E+11 % Th232
3.92868E+02 2.81943E+14 % U233
0.00000E+00 0.00000E+00 % H1
0.00000E+00 0.00000E+00 % H2
0.00000E+00 0.00000E+00 % He4
0.00000E+00 1.86978E+16 % He6
0.00000E+00 0.00000E+00 % Li6
0.00000E+00 1.73033E+17 % Li8
0.00000E+00 0.00000E+00 % lost data
3.93187E+02 1.92012E+17 % total
];

MAT_fuelsalt2_H = [
0.00000E+00 0.00000E+00 % Li7
0.00000E+00 0.00000E+00 % Be9
0.00000E+00 0.00000E+00 % F19
2.08773E-13 1.00188E-01 % Th232
3.08964E-10 2.21729E+02 % U233
0.00000E+00 0.00000E+00 % H1
0.00000E+00 0.00000E+00 % H2
0.00000E+00 0.00000E+00 % He4
0.00000E+00 7.00661E+03 % He6
0.00000E+00 0.00000E+00 % Li6
0.00000E+00 3.34691E+05 % Li8
0.00000E+00 0.00000E+00 % lost data
3.09173E-10 3.41920E+05 % total
];

MAT_fuelsalt2_SF = [
0.00000E+00 0.00000E+00 % Li7
0.00000E+00 0.00000E+00 % Be9
0.00000E+00 0.00000E+00 % F19
3.19543E-12 1.53345E+00 % Th232
0.00000E+00 0.00000E+00 % U233
0.00000E+00 0.00000E+00 % H1
0.00000E+00 0.00000E+00 % H2
0.00000E+00 0.00000E+00 % He4
0.00000E+00 0.00000E+00 % He6
0.00000E+00 0.00000E+00 % Li6
0.00000E+00 0.00000E+00 % Li8
0.00000E+00 0.00000E+00 % lost data
3.19543E-12 1.53345E+00 % total
];

MAT_fuelsalt2_GSRC = [
0.00000E+00 0.00000E+00 % Li7
0.00000E+00 0.00000E+00 % Be9
0.00000E+00 0.00000E+00 % F19
2.34183E-02 1.12382E+10 % Th232
0.00000E+00 0.00000E+00 % U233
0.00000E+00 0.00000E+00 % H1
0.00000E+00 0.00000E+00 % H2
0.00000E+00 0.00000E+00 % He4
0.00000E+00 0.00000E+00 % He6
0.00000E+00 0.00000E+00 % Li6
0.00000E+00 0.00000E+00 % Li8
0.00000E+00 0.00000E+00 % lost data
2.34183E-02 1.12382E+10 % total
];

MAT_fuelsalt2_ING_TOX = [
0.00000E+00 0.00000E+00 % Li7
0.00000E+00 0.00000E+00 % Be9
0.00000E+00 0.00000E+00 % F19
7.34950E-08 3.52694E+04 % Th232
2.00363E-05 1.43791E+07 % U233
0.00000E+00 0.00000E+00 % H1
0.00000E+00 0.00000E+00 % H2
0.00000E+00 0.00000E+00 % He4
0.00000E+00 0.00000E+00 % He6
0.00000E+00 0.00000E+00 % Li6
0.00000E+00 0.00000E+00 % Li8
0.00000E+00 0.00000E+00 % lost data
2.01098E-05 1.44143E+07 % total
];

MAT_fuelsalt2_INH_TOX = [
0.00000E+00 0.00000E+00 % Li7
0.00000E+00 0.00000E+00 % Be9
0.00000E+00 0.00000E+00 % F19
3.51498E-05 1.68680E+07 % Th232
3.77153E-03 2.70665E+09 % U233
0.00000E+00 0.00000E+00 % H1
0.00000E+00 0.00000E+00 % H2
0.00000E+00 0.00000E+00 % He4
0.00000E+00 0.00000E+00 % He6
0.00000E+00 0.00000E+00 % Li6
0.00000E+00 0.00000E+00 % Li8
0.00000E+00 0.00000E+00 % lost data
3.80668E-03 2.72352E+09 % total
];

MAT_fuelsalt999_VOLUME = [ 2.28000E+07 2.28000E+07 ];

MAT_fuelsalt999_BURNUP = [ 0.00000E+00 0.00000E+00 ];

