
ZAI = [
30070
40090
90190
902320
922330
10010
10020
20040
20060
30060
30080
666
0
];

NAMES = [
'Li7             '
'Be9             '
'F19             '
'Th232           '
'U233            '
'H1              '
'H2              '
'He4             '
'He6             '
'Li6             '
'Li8             '
'lost            '
'total           '
];

i30070  = 1; iLi7              = 1;
i40090  = 2; iBe9              = 2;
i90190  = 3; iF19              = 3;
i902320 = 4; iTh232            = 4;
i922330 = 5; iU233             = 5;
i10010  = 6; iH1               = 6;
i10020  = 7; iH2               = 7;
i20040  = 8; iHe4              = 8;
i20060  = 9; iHe6              = 9;
i30060  = 10; iLi6              = 10;
i30080  = 11; iLi8              = 11;
iLOST    = 12;
iTOT     = 13;

MAT_fuelsalt0_VOLUME = [ 2.59000E+07 2.59000E+07 ];

MAT_fuelsalt0_BURNUP = [ 0.00000E+00 0.00000E+00 ];

MAT_fuelsalt0_ADENS = [
2.26410E-02 4.71815E-14 % Li7
5.04886E-03 1.05015E-14 % Be9
4.82053E-02 1.00372E-13 % F19
3.78666E-03 7.89700E-15 % Th232
7.88874E-05 1.09732E-16 % U233
5.24115E-13 1.09021E-24 % H1
1.96027E-14 4.08104E-26 % H2
5.14478E-11 2.01695E-15 % He4
8.21289E-16 0.00000E+00 % He6
2.25263E-12 9.54133E-17 % Li6
8.11755E-15 0.00000E+00 % Li8
1.85143E-15 1.90588E-15 % lost data
7.97607E-02 1.68174E-13 % total
];

MAT_fuelsalt0_MDENS = [
2.63780E-01 5.49690E-13 % Li7
7.55579E-02 1.57159E-13 % Be9
1.52077E+00 3.16652E-12 % F19
1.45906E+00 3.04283E-12 % Th232
3.05277E-02 4.24639E-14 % U233
8.77137E-13 1.82453E-24 % H1
6.55623E-14 1.36492E-25 % H2
3.41952E-10 1.34058E-14 % He4
8.20859E-15 0.00000E+00 % He6
2.25004E-11 9.53037E-16 % Li6
1.08141E-13 0.00000E+00 % Li8
0.00000E+00 0.00000E+00 % lost data
3.34969E+00 6.97303E-12 % total
];

MAT_fuelsalt0_A = [
0.00000E+00 0.00000E+00 % Li7
0.00000E+00 0.00000E+00 % Be9
0.00000E+00 0.00000E+00 % F19
1.53321E+11 3.19748E-01 % Th232
2.81894E+14 3.92114E+02 % U233
0.00000E+00 0.00000E+00 % H1
0.00000E+00 0.00000E+00 % H2
0.00000E+00 0.00000E+00 % He4
1.82772E+16 0.00000E+00 % He6
0.00000E+00 0.00000E+00 % Li6
1.73509E+17 0.00000E+00 % Li8
0.00000E+00 0.00000E+00 % lost data
1.92068E+17 3.92434E+02 % total
];

MAT_fuelsalt0_H = [
0.00000E+00 0.00000E+00 % Li7
0.00000E+00 0.00000E+00 % Be9
0.00000E+00 0.00000E+00 % F19
1.00172E-01 2.08907E-13 % Th232
2.21691E+02 3.08372E-10 % U233
0.00000E+00 0.00000E+00 % H1
0.00000E+00 0.00000E+00 % H2
0.00000E+00 0.00000E+00 % He4
6.84899E+03 0.00000E+00 % He6
0.00000E+00 0.00000E+00 % Li6
3.35613E+05 0.00000E+00 % Li8
0.00000E+00 0.00000E+00 % lost data
3.42684E+05 3.08581E-10 % total
];

MAT_fuelsalt0_SF = [
0.00000E+00 0.00000E+00 % Li7
0.00000E+00 0.00000E+00 % Be9
0.00000E+00 0.00000E+00 % F19
1.53321E+00 3.19748E-12 % Th232
0.00000E+00 0.00000E+00 % U233
0.00000E+00 0.00000E+00 % H1
0.00000E+00 0.00000E+00 % H2
0.00000E+00 0.00000E+00 % He4
0.00000E+00 0.00000E+00 % He6
0.00000E+00 0.00000E+00 % Li6
0.00000E+00 0.00000E+00 % Li8
0.00000E+00 0.00000E+00 % lost data
1.53321E+00 3.19748E-12 % total
];

MAT_fuelsalt0_GSRC = [
0.00000E+00 0.00000E+00 % Li7
0.00000E+00 0.00000E+00 % Be9
0.00000E+00 0.00000E+00 % F19
1.12364E+10 2.34333E-02 % Th232
0.00000E+00 0.00000E+00 % U233
0.00000E+00 0.00000E+00 % H1
0.00000E+00 0.00000E+00 % H2
0.00000E+00 0.00000E+00 % He4
0.00000E+00 0.00000E+00 % He6
0.00000E+00 0.00000E+00 % Li6
0.00000E+00 0.00000E+00 % Li8
0.00000E+00 0.00000E+00 % lost data
1.12364E+10 2.34333E-02 % total
];

MAT_fuelsalt0_ING_TOX = [
0.00000E+00 0.00000E+00 % Li7
0.00000E+00 0.00000E+00 % Be9
0.00000E+00 0.00000E+00 % F19
3.52638E+04 7.35420E-08 % Th232
1.43766E+07 1.99978E-05 % U233
0.00000E+00 0.00000E+00 % H1
0.00000E+00 0.00000E+00 % H2
0.00000E+00 0.00000E+00 % He4
0.00000E+00 0.00000E+00 % He6
0.00000E+00 0.00000E+00 % Li6
0.00000E+00 0.00000E+00 % Li8
0.00000E+00 0.00000E+00 % lost data
1.44119E+07 2.00714E-05 % total
];

MAT_fuelsalt0_INH_TOX = [
0.00000E+00 0.00000E+00 % Li7
0.00000E+00 0.00000E+00 % Be9
0.00000E+00 0.00000E+00 % F19
1.68653E+07 3.51723E-05 % Th232
2.70619E+09 3.76430E-03 % U233
0.00000E+00 0.00000E+00 % H1
0.00000E+00 0.00000E+00 % H2
0.00000E+00 0.00000E+00 % He4
0.00000E+00 0.00000E+00 % He6
0.00000E+00 0.00000E+00 % Li6
0.00000E+00 0.00000E+00 % Li8
0.00000E+00 0.00000E+00 % lost data
2.72305E+09 3.79947E-03 % total
];

MAT_fuelsalt2_VOLUME = [ 2.59000E+07 2.59000E+07 ];

MAT_fuelsalt2_BURNUP = [ 0.00000E+00 0.00000E+00 ];

MAT_fuelsalt2_ADENS = [
4.71215E-14 2.26455E-02 % Li7
1.05047E-14 5.04987E-03 % Be9
1.00445E-13 4.82150E-02 % F19
7.87026E-15 3.78742E-03 % Th232
1.09699E-16 7.89044E-05 % U233
1.52834E-37 1.52834E-37 % H1
2.86806E-27 2.86806E-27 % H2
2.01298E-15 1.19839E-13 % He4
0.00000E+00 8.37863E-16 % He6
9.64559E-17 6.45916E-15 % Li6
0.00000E+00 8.11673E-15 % Li8
1.85152E-15 1.90598E-15 % lost data
1.68161E-13 7.97767E-02 % total
];

MAT_fuelsalt2_MDENS = [
5.48991E-13 2.63833E-01 % Li7
1.57207E-13 7.55731E-02 % Be9
3.16883E-12 1.52107E+00 % F19
3.03253E-12 1.45935E+00 % Th232
4.24512E-14 3.05342E-02 % U233
2.55777E-37 2.55777E-37 % H1
9.59237E-27 9.59237E-27 % H2
1.33795E-14 7.96523E-13 % He4
0.00000E+00 8.37424E-15 % He6
9.63451E-16 6.45174E-14 % Li6
0.00000E+00 1.08130E-13 % Li8
0.00000E+00 0.00000E+00 % lost data
6.96435E-12 3.35036E+00 % total
];

MAT_fuelsalt2_A = [
0.00000E+00 0.00000E+00 % Li7
0.00000E+00 0.00000E+00 % Be9
0.00000E+00 0.00000E+00 % F19
3.18665E-01 1.53352E+11 % Th232
3.91998E+02 2.81955E+14 % U233
0.00000E+00 0.00000E+00 % H1
0.00000E+00 0.00000E+00 % H2
0.00000E+00 0.00000E+00 % He4
0.00000E+00 1.86460E+16 % He6
0.00000E+00 0.00000E+00 % Li6
0.00000E+00 1.73492E+17 % Li8
0.00000E+00 0.00000E+00 % lost data
3.92316E+02 1.92420E+17 % total
];

MAT_fuelsalt2_H = [
0.00000E+00 0.00000E+00 % Li7
0.00000E+00 0.00000E+00 % Be9
0.00000E+00 0.00000E+00 % F19
2.08199E-13 1.00192E-01 % Th232
3.08280E-10 2.21739E+02 % U233
0.00000E+00 0.00000E+00 % H1
0.00000E+00 0.00000E+00 % H2
0.00000E+00 0.00000E+00 % He4
0.00000E+00 6.98720E+03 % He6
0.00000E+00 0.00000E+00 % Li6
0.00000E+00 3.35580E+05 % Li8
0.00000E+00 0.00000E+00 % lost data
3.08488E-10 3.42789E+05 % total
];

MAT_fuelsalt2_SF = [
0.00000E+00 0.00000E+00 % Li7
0.00000E+00 0.00000E+00 % Be9
0.00000E+00 0.00000E+00 % F19
3.18665E-12 1.53352E+00 % Th232
0.00000E+00 0.00000E+00 % U233
0.00000E+00 0.00000E+00 % H1
0.00000E+00 0.00000E+00 % H2
0.00000E+00 0.00000E+00 % He4
0.00000E+00 0.00000E+00 % He6
0.00000E+00 0.00000E+00 % Li6
0.00000E+00 0.00000E+00 % Li8
0.00000E+00 0.00000E+00 % lost data
3.18665E-12 1.53352E+00 % total
];

MAT_fuelsalt2_GSRC = [
0.00000E+00 0.00000E+00 % Li7
0.00000E+00 0.00000E+00 % Be9
0.00000E+00 0.00000E+00 % F19
2.33539E-02 1.12387E+10 % Th232
0.00000E+00 0.00000E+00 % U233
0.00000E+00 0.00000E+00 % H1
0.00000E+00 0.00000E+00 % H2
0.00000E+00 0.00000E+00 % He4
0.00000E+00 0.00000E+00 % He6
0.00000E+00 0.00000E+00 % Li6
0.00000E+00 0.00000E+00 % Li8
0.00000E+00 0.00000E+00 % lost data
2.33539E-02 1.12387E+10 % total
];

MAT_fuelsalt2_ING_TOX = [
0.00000E+00 0.00000E+00 % Li7
0.00000E+00 0.00000E+00 % Be9
0.00000E+00 0.00000E+00 % F19
7.32929E-08 3.52709E+04 % Th232
1.99919E-05 1.43797E+07 % U233
0.00000E+00 0.00000E+00 % H1
0.00000E+00 0.00000E+00 % H2
0.00000E+00 0.00000E+00 % He4
0.00000E+00 0.00000E+00 % He6
0.00000E+00 0.00000E+00 % Li6
0.00000E+00 0.00000E+00 % Li8
0.00000E+00 0.00000E+00 % lost data
2.00652E-05 1.44150E+07 % total
];

MAT_fuelsalt2_INH_TOX = [
0.00000E+00 0.00000E+00 % Li7
0.00000E+00 0.00000E+00 % Be9
0.00000E+00 0.00000E+00 % F19
3.50531E-05 1.68687E+07 % Th232
3.76318E-03 2.70677E+09 % U233
0.00000E+00 0.00000E+00 % H1
0.00000E+00 0.00000E+00 % H2
0.00000E+00 0.00000E+00 % He4
0.00000E+00 0.00000E+00 % He6
0.00000E+00 0.00000E+00 % Li6
0.00000E+00 0.00000E+00 % Li8
0.00000E+00 0.00000E+00 % lost data
3.79823E-03 2.72364E+09 % total
];

MAT_fuelsalt999_VOLUME = [ 2.28000E+07 2.28000E+07 ];

MAT_fuelsalt999_BURNUP = [ 0.00000E+00 0.00000E+00 ];

