
ZAI = [
30070
40090
90190
902320
922330
10010
10020
20040
20060
30060
30080
666
0
];

NAMES = [
'Li7             '
'Be9             '
'F19             '
'Th232           '
'U233            '
'H1              '
'H2              '
'He4             '
'He6             '
'Li6             '
'Li8             '
'lost            '
'total           '
];

i30070  = 1; iLi7              = 1;
i40090  = 2; iBe9              = 2;
i90190  = 3; iF19              = 3;
i902320 = 4; iTh232            = 4;
i922330 = 5; iU233             = 5;
i10010  = 6; iH1               = 6;
i10020  = 7; iH2               = 7;
i20040  = 8; iHe4              = 8;
i20060  = 9; iHe6              = 9;
i30060  = 10; iLi6              = 10;
i30080  = 11; iLi8              = 11;
iLOST    = 12;
iTOT     = 13;

MAT_fuelsalt0_VOLUME = [ 2.59000E+07 2.59000E+07 ];

MAT_fuelsalt0_BURNUP = [ 0.00000E+00 0.00000E+00 ];

MAT_fuelsalt0_ADENS = [
4.74282E-14 2.26428E-02 % Li7
1.05798E-14 5.04927E-03 % Be9
1.01056E-13 4.82092E-02 % F19
7.93114E-15 3.78697E-03 % Th232
1.11079E-16 7.88946E-05 % U233
2.95627E-25 1.64625E-13 % H1
1.15096E-26 6.45686E-15 % H2
2.01312E-15 1.64114E-11 % He4
0.00000E+00 8.30658E-16 % He6
9.55390E-17 7.17668E-13 % Li6
0.00000E+00 8.10665E-15 % Li8
9.25734E-16 9.80188E-16 % lost data
1.69214E-13 7.97672E-02 % total
];

MAT_fuelsalt0_MDENS = [
5.52564E-13 2.63801E-01 % Li7
1.58330E-13 7.55641E-02 % Be9
3.18808E-12 1.52089E+00 % F19
3.05599E-12 1.45917E+00 % Th232
4.29850E-14 3.05304E-02 % U233
4.94749E-25 2.75509E-13 % H1
3.84943E-26 2.15953E-14 % H2
1.33804E-14 1.09080E-10 % He4
0.00000E+00 8.30223E-15 % He6
9.54292E-16 7.16843E-12 % Li6
0.00000E+00 1.07996E-13 % Li8
0.00000E+00 0.00000E+00 % lost data
7.01228E-12 3.34996E+00 % total
];

MAT_fuelsalt0_A = [
0.00000E+00 0.00000E+00 % Li7
0.00000E+00 0.00000E+00 % Be9
0.00000E+00 0.00000E+00 % F19
3.21130E-01 1.53333E+11 % Th232
3.96926E+02 2.81920E+14 % U233
0.00000E+00 0.00000E+00 % H1
0.00000E+00 0.00000E+00 % H2
0.00000E+00 0.00000E+00 % He4
0.00000E+00 1.84857E+16 % He6
0.00000E+00 0.00000E+00 % Li6
0.00000E+00 1.73276E+17 % Li8
0.00000E+00 0.00000E+00 % lost data
3.97247E+02 1.92044E+17 % total
];

MAT_fuelsalt0_H = [
0.00000E+00 0.00000E+00 % Li7
0.00000E+00 0.00000E+00 % Be9
0.00000E+00 0.00000E+00 % F19
2.09810E-13 1.00180E-01 % Th232
3.12156E-10 2.21711E+02 % U233
0.00000E+00 0.00000E+00 % H1
0.00000E+00 0.00000E+00 % H2
0.00000E+00 0.00000E+00 % He4
0.00000E+00 6.92712E+03 % He6
0.00000E+00 0.00000E+00 % Li6
0.00000E+00 3.35163E+05 % Li8
0.00000E+00 0.00000E+00 % lost data
3.12366E-10 3.42312E+05 % total
];

MAT_fuelsalt0_SF = [
0.00000E+00 0.00000E+00 % Li7
0.00000E+00 0.00000E+00 % Be9
0.00000E+00 0.00000E+00 % F19
3.21130E-12 1.53333E+00 % Th232
0.00000E+00 0.00000E+00 % U233
0.00000E+00 0.00000E+00 % H1
0.00000E+00 0.00000E+00 % H2
0.00000E+00 0.00000E+00 % He4
0.00000E+00 0.00000E+00 % He6
0.00000E+00 0.00000E+00 % Li6
0.00000E+00 0.00000E+00 % Li8
0.00000E+00 0.00000E+00 % lost data
3.21130E-12 1.53333E+00 % total
];

MAT_fuelsalt0_GSRC = [
0.00000E+00 0.00000E+00 % Li7
0.00000E+00 0.00000E+00 % Be9
0.00000E+00 0.00000E+00 % F19
2.35346E-02 1.12373E+10 % Th232
0.00000E+00 0.00000E+00 % U233
0.00000E+00 0.00000E+00 % H1
0.00000E+00 0.00000E+00 % H2
0.00000E+00 0.00000E+00 % He4
0.00000E+00 0.00000E+00 % He6
0.00000E+00 0.00000E+00 % Li6
0.00000E+00 0.00000E+00 % Li8
0.00000E+00 0.00000E+00 % lost data
2.35346E-02 1.12373E+10 % total
];

MAT_fuelsalt0_ING_TOX = [
0.00000E+00 0.00000E+00 % Li7
0.00000E+00 0.00000E+00 % Be9
0.00000E+00 0.00000E+00 % F19
7.38599E-08 3.52667E+04 % Th232
2.02432E-05 1.43779E+07 % U233
0.00000E+00 0.00000E+00 % H1
0.00000E+00 0.00000E+00 % H2
0.00000E+00 0.00000E+00 % He4
0.00000E+00 0.00000E+00 % He6
0.00000E+00 0.00000E+00 % Li6
0.00000E+00 0.00000E+00 % Li8
0.00000E+00 0.00000E+00 % lost data
2.03171E-05 1.44132E+07 % total
];

MAT_fuelsalt0_INH_TOX = [
0.00000E+00 0.00000E+00 % Li7
0.00000E+00 0.00000E+00 % Be9
0.00000E+00 0.00000E+00 % F19
3.53243E-05 1.68667E+07 % Th232
3.81049E-03 2.70643E+09 % U233
0.00000E+00 0.00000E+00 % H1
0.00000E+00 0.00000E+00 % H2
0.00000E+00 0.00000E+00 % He4
0.00000E+00 0.00000E+00 % He6
0.00000E+00 0.00000E+00 % Li6
0.00000E+00 0.00000E+00 % Li8
0.00000E+00 0.00000E+00 % lost data
3.84582E-03 2.72330E+09 % total
];

MAT_fuelsalt2_VOLUME = [ 2.59000E+07 2.59000E+07 ];

MAT_fuelsalt2_BURNUP = [ 0.00000E+00 0.00000E+00 ];

MAT_fuelsalt2_ADENS = [
2.26434E-02 4.73911E-14 % Li7
5.04939E-03 1.05641E-14 % Be9
4.82103E-02 1.00852E-13 % F19
3.78705E-03 7.92967E-15 % Th232
7.88965E-05 1.10456E-16 % U233
8.87752E-14 1.85744E-25 % H1
3.92276E-15 8.21497E-27 % H2
9.13081E-12 2.01191E-15 % He4
8.32650E-16 0.00000E+00 % He6
3.98213E-13 9.67332E-17 % Li6
8.09670E-15 0.00000E+00 % Li8
9.25742E-16 9.80198E-16 % lost data
7.97690E-02 1.68956E-13 % total
];

MAT_fuelsalt2_MDENS = [
2.63807E-01 5.52132E-13 % Li7
7.55658E-02 1.58095E-13 % Be9
1.52093E+00 3.18166E-12 % F19
1.45921E+00 3.05542E-12 % Th232
3.05312E-02 4.27442E-14 % U233
1.48571E-13 3.10853E-25 % H1
1.31198E-14 2.74754E-26 % H2
6.06887E-11 1.33723E-14 % He4
8.32213E-15 0.00000E+00 % He6
3.97756E-12 9.66220E-16 % Li6
1.07863E-13 0.00000E+00 % Li8
0.00000E+00 0.00000E+00 % lost data
3.35004E+00 7.00439E-12 % total
];

MAT_fuelsalt2_A = [
0.00000E+00 0.00000E+00 % Li7
0.00000E+00 0.00000E+00 % Be9
0.00000E+00 0.00000E+00 % F19
1.53337E+11 3.21070E-01 % Th232
2.81927E+14 3.94703E+02 % U233
0.00000E+00 0.00000E+00 % H1
0.00000E+00 0.00000E+00 % H2
0.00000E+00 0.00000E+00 % He4
1.85300E+16 0.00000E+00 % He6
0.00000E+00 0.00000E+00 % Li6
1.73064E+17 0.00000E+00 % Li8
0.00000E+00 0.00000E+00 % lost data
1.91876E+17 3.95024E+02 % total
];

MAT_fuelsalt2_H = [
0.00000E+00 0.00000E+00 % Li7
0.00000E+00 0.00000E+00 % Be9
0.00000E+00 0.00000E+00 % F19
1.00182E-01 2.09771E-13 % Th232
2.21717E+02 3.10407E-10 % U233
0.00000E+00 0.00000E+00 % H1
0.00000E+00 0.00000E+00 % H2
0.00000E+00 0.00000E+00 % He4
6.94373E+03 0.00000E+00 % He6
0.00000E+00 0.00000E+00 % Li6
3.34752E+05 0.00000E+00 % Li8
0.00000E+00 0.00000E+00 % lost data
3.41917E+05 3.10617E-10 % total
];

MAT_fuelsalt2_SF = [
0.00000E+00 0.00000E+00 % Li7
0.00000E+00 0.00000E+00 % Be9
0.00000E+00 0.00000E+00 % F19
1.53337E+00 3.21070E-12 % Th232
0.00000E+00 0.00000E+00 % U233
0.00000E+00 0.00000E+00 % H1
0.00000E+00 0.00000E+00 % H2
0.00000E+00 0.00000E+00 % He4
0.00000E+00 0.00000E+00 % He6
0.00000E+00 0.00000E+00 % Li6
0.00000E+00 0.00000E+00 % Li8
0.00000E+00 0.00000E+00 % lost data
1.53337E+00 3.21070E-12 % total
];

MAT_fuelsalt2_GSRC = [
0.00000E+00 0.00000E+00 % Li7
0.00000E+00 0.00000E+00 % Be9
0.00000E+00 0.00000E+00 % F19
1.12376E+10 2.35302E-02 % Th232
0.00000E+00 0.00000E+00 % U233
0.00000E+00 0.00000E+00 % H1
0.00000E+00 0.00000E+00 % H2
0.00000E+00 0.00000E+00 % He4
0.00000E+00 0.00000E+00 % He6
0.00000E+00 0.00000E+00 % Li6
0.00000E+00 0.00000E+00 % Li8
0.00000E+00 0.00000E+00 % lost data
1.12376E+10 2.35302E-02 % total
];

MAT_fuelsalt2_ING_TOX = [
0.00000E+00 0.00000E+00 % Li7
0.00000E+00 0.00000E+00 % Be9
0.00000E+00 0.00000E+00 % F19
3.52675E+04 7.38462E-08 % Th232
1.43783E+07 2.01298E-05 % U233
0.00000E+00 0.00000E+00 % H1
0.00000E+00 0.00000E+00 % H2
0.00000E+00 0.00000E+00 % He4
0.00000E+00 0.00000E+00 % He6
0.00000E+00 0.00000E+00 % Li6
0.00000E+00 0.00000E+00 % Li8
0.00000E+00 0.00000E+00 % lost data
1.44136E+07 2.02037E-05 % total
];

MAT_fuelsalt2_INH_TOX = [
0.00000E+00 0.00000E+00 % Li7
0.00000E+00 0.00000E+00 % Be9
0.00000E+00 0.00000E+00 % F19
1.68671E+07 3.53177E-05 % Th232
2.70650E+09 3.78915E-03 % U233
0.00000E+00 0.00000E+00 % H1
0.00000E+00 0.00000E+00 % H2
0.00000E+00 0.00000E+00 % He4
0.00000E+00 0.00000E+00 % He6
0.00000E+00 0.00000E+00 % Li6
0.00000E+00 0.00000E+00 % Li8
0.00000E+00 0.00000E+00 % lost data
2.72337E+09 3.82447E-03 % total
];

MAT_fuelsalt999_VOLUME = [ 2.28000E+07 2.28000E+07 ];

MAT_fuelsalt999_BURNUP = [ 0.00000E+00 0.00000E+00 ];

