
ZAI = [
30070
40090
90190
902320
922330
10010
10020
20040
20060
30060
30080
666
0
];

NAMES = [
'Li7             '
'Be9             '
'F19             '
'Th232           '
'U233            '
'H1              '
'H2              '
'He4             '
'He6             '
'Li6             '
'Li8             '
'lost            '
'total           '
];

i30070  = 1; iLi7              = 1;
i40090  = 2; iBe9              = 2;
i90190  = 3; iF19              = 3;
i902320 = 4; iTh232            = 4;
i922330 = 5; iU233             = 5;
i10010  = 6; iH1               = 6;
i10020  = 7; iH2               = 7;
i20040  = 8; iHe4              = 8;
i20060  = 9; iHe6              = 9;
i30060  = 10; iLi6              = 10;
i30080  = 11; iLi8              = 11;
iLOST    = 12;
iTOT     = 13;

MAT_fuelsalt0_VOLUME = [ 2.59000E+07 2.59000E+07 ];

MAT_fuelsalt0_BURNUP = [ 0.00000E+00 0.00000E+00 ];

MAT_fuelsalt0_ADENS = [
4.74159E-14 2.26429E-02 % Li7
1.05684E-14 5.04928E-03 % Be9
1.00861E-13 4.82094E-02 % F19
7.93830E-15 3.78698E-03 % Th232
1.10775E-16 7.88948E-05 % U233
2.52064E-25 1.41415E-13 % H1
9.89191E-27 5.50533E-15 % H2
2.00156E-15 1.41470E-11 % He4
0.00000E+00 8.22370E-16 % He6
1.01926E-16 6.18767E-13 % Li6
0.00000E+00 8.10171E-15 % Li8
8.16824E-16 8.71279E-16 % lost data
1.68998E-13 7.97674E-02 % total
];

MAT_fuelsalt0_MDENS = [
5.52420E-13 2.63802E-01 % Li7
1.58160E-13 7.55643E-02 % Be9
3.18194E-12 1.52090E+00 % F19
3.05875E-12 1.45918E+00 % Th232
4.28673E-14 3.05305E-02 % U233
4.21844E-25 2.36666E-13 % H1
3.30840E-26 1.84128E-14 % H2
1.33035E-14 9.40290E-11 % He4
0.00000E+00 8.21939E-15 % He6
1.01809E-15 6.18056E-12 % Li6
0.00000E+00 1.07930E-13 % Li8
0.00000E+00 0.00000E+00 % lost data
7.00846E-12 3.34997E+00 % total
];

MAT_fuelsalt0_A = [
0.00000E+00 0.00000E+00 % Li7
0.00000E+00 0.00000E+00 % Be9
0.00000E+00 0.00000E+00 % F19
3.21420E-01 1.53334E+11 % Th232
3.95840E+02 2.81921E+14 % U233
0.00000E+00 0.00000E+00 % H1
0.00000E+00 0.00000E+00 % H2
0.00000E+00 0.00000E+00 % He4
0.00000E+00 1.83012E+16 % He6
0.00000E+00 0.00000E+00 % Li6
0.00000E+00 1.73171E+17 % Li8
0.00000E+00 0.00000E+00 % lost data
3.96161E+02 1.91754E+17 % total
];

MAT_fuelsalt0_H = [
0.00000E+00 0.00000E+00 % Li7
0.00000E+00 0.00000E+00 % Be9
0.00000E+00 0.00000E+00 % F19
2.09999E-13 1.00180E-01 % Th232
3.11302E-10 2.21712E+02 % U233
0.00000E+00 0.00000E+00 % H1
0.00000E+00 0.00000E+00 % H2
0.00000E+00 0.00000E+00 % He4
0.00000E+00 6.85800E+03 % He6
0.00000E+00 0.00000E+00 % Li6
0.00000E+00 3.34959E+05 % Li8
0.00000E+00 0.00000E+00 % lost data
3.11512E-10 3.42038E+05 % total
];

MAT_fuelsalt0_SF = [
0.00000E+00 0.00000E+00 % Li7
0.00000E+00 0.00000E+00 % Be9
0.00000E+00 0.00000E+00 % F19
3.21420E-12 1.53334E+00 % Th232
0.00000E+00 0.00000E+00 % U233
0.00000E+00 0.00000E+00 % H1
0.00000E+00 0.00000E+00 % H2
0.00000E+00 0.00000E+00 % He4
0.00000E+00 0.00000E+00 % He6
0.00000E+00 0.00000E+00 % Li6
0.00000E+00 0.00000E+00 % Li8
0.00000E+00 0.00000E+00 % lost data
3.21420E-12 1.53334E+00 % total
];

MAT_fuelsalt0_GSRC = [
0.00000E+00 0.00000E+00 % Li7
0.00000E+00 0.00000E+00 % Be9
0.00000E+00 0.00000E+00 % F19
2.35559E-02 1.12373E+10 % Th232
0.00000E+00 0.00000E+00 % U233
0.00000E+00 0.00000E+00 % H1
0.00000E+00 0.00000E+00 % H2
0.00000E+00 0.00000E+00 % He4
0.00000E+00 0.00000E+00 % He6
0.00000E+00 0.00000E+00 % Li6
0.00000E+00 0.00000E+00 % Li8
0.00000E+00 0.00000E+00 % lost data
2.35559E-02 1.12373E+10 % total
];

MAT_fuelsalt0_ING_TOX = [
0.00000E+00 0.00000E+00 % Li7
0.00000E+00 0.00000E+00 % Be9
0.00000E+00 0.00000E+00 % F19
7.39266E-08 3.52668E+04 % Th232
2.01878E-05 1.43780E+07 % U233
0.00000E+00 0.00000E+00 % H1
0.00000E+00 0.00000E+00 % H2
0.00000E+00 0.00000E+00 % He4
0.00000E+00 0.00000E+00 % He6
0.00000E+00 0.00000E+00 % Li6
0.00000E+00 0.00000E+00 % Li8
0.00000E+00 0.00000E+00 % lost data
2.02618E-05 1.44132E+07 % total
];

MAT_fuelsalt0_INH_TOX = [
0.00000E+00 0.00000E+00 % Li7
0.00000E+00 0.00000E+00 % Be9
0.00000E+00 0.00000E+00 % F19
3.53562E-05 1.68667E+07 % Th232
3.80006E-03 2.70644E+09 % U233
0.00000E+00 0.00000E+00 % H1
0.00000E+00 0.00000E+00 % H2
0.00000E+00 0.00000E+00 % He4
0.00000E+00 0.00000E+00 % He6
0.00000E+00 0.00000E+00 % Li6
0.00000E+00 0.00000E+00 % Li8
0.00000E+00 0.00000E+00 % lost data
3.83542E-03 2.72331E+09 % total
];

MAT_fuelsalt2_VOLUME = [ 2.59000E+07 2.59000E+07 ];

MAT_fuelsalt2_BURNUP = [ 0.00000E+00 0.00000E+00 ];

MAT_fuelsalt2_ADENS = [
2.26433E-02 4.74462E-14 % Li7
5.04937E-03 1.05554E-14 % Be9
4.82102E-02 1.00896E-13 % F19
3.78704E-03 7.92861E-15 % Th232
7.88964E-05 1.10675E-16 % U233
8.16121E-14 1.70794E-25 % H1
3.60184E-15 7.53253E-27 % H2
8.34784E-12 2.01498E-15 % He4
8.30071E-16 0.00000E+00 % He6
3.63980E-13 9.64336E-17 % Li6
8.10938E-15 0.00000E+00 % Li8
8.16831E-16 8.71287E-16 % lost data
7.97688E-02 1.69048E-13 % total
];

MAT_fuelsalt2_MDENS = [
2.63807E-01 5.52774E-13 % Li7
7.55657E-02 1.57966E-13 % Be9
1.52093E+00 3.18304E-12 % F19
1.45920E+00 3.05501E-12 % Th232
3.05311E-02 4.28287E-14 % U233
1.36583E-13 2.85833E-25 % H1
1.20465E-14 2.51929E-26 % H2
5.54846E-11 1.33927E-14 % He4
8.29637E-15 0.00000E+00 % He6
3.63562E-12 9.63228E-16 % Li6
1.08032E-13 0.00000E+00 % Li8
0.00000E+00 0.00000E+00 % lost data
3.35003E+00 7.00598E-12 % total
];

MAT_fuelsalt2_A = [
0.00000E+00 0.00000E+00 % Li7
0.00000E+00 0.00000E+00 % Be9
0.00000E+00 0.00000E+00 % F19
1.53336E+11 3.21028E-01 % Th232
2.81927E+14 3.95483E+02 % U233
0.00000E+00 0.00000E+00 % H1
0.00000E+00 0.00000E+00 % H2
0.00000E+00 0.00000E+00 % He4
1.84726E+16 0.00000E+00 % He6
0.00000E+00 0.00000E+00 % Li6
1.73335E+17 0.00000E+00 % Li8
0.00000E+00 0.00000E+00 % lost data
1.92089E+17 3.95804E+02 % total
];

MAT_fuelsalt2_H = [
0.00000E+00 0.00000E+00 % Li7
0.00000E+00 0.00000E+00 % Be9
0.00000E+00 0.00000E+00 % F19
1.00182E-01 2.09743E-13 % Th232
2.21716E+02 3.11021E-10 % U233
0.00000E+00 0.00000E+00 % H1
0.00000E+00 0.00000E+00 % H2
0.00000E+00 0.00000E+00 % He4
6.92223E+03 0.00000E+00 % He6
0.00000E+00 0.00000E+00 % Li6
3.35276E+05 0.00000E+00 % Li8
0.00000E+00 0.00000E+00 % lost data
3.42420E+05 3.11231E-10 % total
];

MAT_fuelsalt2_SF = [
0.00000E+00 0.00000E+00 % Li7
0.00000E+00 0.00000E+00 % Be9
0.00000E+00 0.00000E+00 % F19
1.53336E+00 3.21028E-12 % Th232
0.00000E+00 0.00000E+00 % U233
0.00000E+00 0.00000E+00 % H1
0.00000E+00 0.00000E+00 % H2
0.00000E+00 0.00000E+00 % He4
0.00000E+00 0.00000E+00 % He6
0.00000E+00 0.00000E+00 % Li6
0.00000E+00 0.00000E+00 % Li8
0.00000E+00 0.00000E+00 % lost data
1.53336E+00 3.21028E-12 % total
];

MAT_fuelsalt2_GSRC = [
0.00000E+00 0.00000E+00 % Li7
0.00000E+00 0.00000E+00 % Be9
0.00000E+00 0.00000E+00 % F19
1.12375E+10 2.35271E-02 % Th232
0.00000E+00 0.00000E+00 % U233
0.00000E+00 0.00000E+00 % H1
0.00000E+00 0.00000E+00 % H2
0.00000E+00 0.00000E+00 % He4
0.00000E+00 0.00000E+00 % He6
0.00000E+00 0.00000E+00 % Li6
0.00000E+00 0.00000E+00 % Li8
0.00000E+00 0.00000E+00 % lost data
1.12375E+10 2.35271E-02 % total
];

MAT_fuelsalt2_ING_TOX = [
0.00000E+00 0.00000E+00 % Li7
0.00000E+00 0.00000E+00 % Be9
0.00000E+00 0.00000E+00 % F19
3.52674E+04 7.38364E-08 % Th232
1.43783E+07 2.01696E-05 % U233
0.00000E+00 0.00000E+00 % H1
0.00000E+00 0.00000E+00 % H2
0.00000E+00 0.00000E+00 % He4
0.00000E+00 0.00000E+00 % He6
0.00000E+00 0.00000E+00 % Li6
0.00000E+00 0.00000E+00 % Li8
0.00000E+00 0.00000E+00 % lost data
1.44135E+07 2.02435E-05 % total
];

MAT_fuelsalt2_INH_TOX = [
0.00000E+00 0.00000E+00 % Li7
0.00000E+00 0.00000E+00 % Be9
0.00000E+00 0.00000E+00 % F19
1.68670E+07 3.53130E-05 % Th232
2.70650E+09 3.79664E-03 % U233
0.00000E+00 0.00000E+00 % H1
0.00000E+00 0.00000E+00 % H2
0.00000E+00 0.00000E+00 % He4
0.00000E+00 0.00000E+00 % He6
0.00000E+00 0.00000E+00 % Li6
0.00000E+00 0.00000E+00 % Li8
0.00000E+00 0.00000E+00 % lost data
2.72336E+09 3.83195E-03 % total
];

MAT_fuelsalt999_VOLUME = [ 2.28000E+07 2.28000E+07 ];

MAT_fuelsalt999_BURNUP = [ 0.00000E+00 0.00000E+00 ];

