
ZAI = [
30070
40090
90190
902320
922330
10010
10020
20040
20060
30060
30080
666
0
];

NAMES = [
'Li7             '
'Be9             '
'F19             '
'Th232           '
'U233            '
'H1              '
'H2              '
'He4             '
'He6             '
'Li6             '
'Li8             '
'lost            '
'total           '
];

i30070  = 1; iLi7              = 1;
i40090  = 2; iBe9              = 2;
i90190  = 3; iF19              = 3;
i902320 = 4; iTh232            = 4;
i922330 = 5; iU233             = 5;
i10010  = 6; iH1               = 6;
i10020  = 7; iH2               = 7;
i20040  = 8; iHe4              = 8;
i20060  = 9; iHe6              = 9;
i30060  = 10; iLi6              = 10;
i30080  = 11; iLi8              = 11;
iLOST    = 12;
iTOT     = 13;

MAT_fuelsalt0_VOLUME = [ 2.59000E+07 2.59000E+07 ];

MAT_fuelsalt0_BURNUP = [ 0.00000E+00 0.00000E+00 ];

MAT_fuelsalt0_ADENS = [
2.26431E-02 4.76575E-14 % Li7
5.04932E-03 1.06299E-14 % Be9
4.82098E-02 1.01315E-13 % F19
3.78701E-03 7.96120E-15 % Th232
7.88957E-05 1.11612E-16 % U233
1.57767E-14 3.31481E-26 % H1
5.87246E-16 1.23457E-27 % H2
1.55929E-12 2.24885E-15 % He4
9.37203E-16 0.00000E+00 % He6
6.84904E-14 1.08880E-16 % Li6
9.07678E-15 0.00000E+00 % Li8
1.08910E-16 1.63365E-16 % lost data
7.97681E-02 1.70033E-13 % total
];

MAT_fuelsalt0_MDENS = [
2.63804E-01 5.55235E-13 % Li7
7.55649E-02 1.59081E-13 % Be9
1.52091E+00 3.19627E-12 % F19
1.45919E+00 3.06757E-12 % Th232
3.05309E-02 4.31914E-14 % U233
2.64033E-14 5.54754E-26 % H1
1.96407E-15 4.12908E-27 % H2
1.03640E-11 1.49472E-14 % He4
9.36712E-15 0.00000E+00 % He6
6.84117E-13 1.08755E-15 % Li6
1.20920E-13 0.00000E+00 % Li8
0.00000E+00 0.00000E+00 % lost data
3.35000E+00 7.03738E-12 % total
];

MAT_fuelsalt0_A = [
0.00000E+00 0.00000E+00 % Li7
0.00000E+00 0.00000E+00 % Be9
0.00000E+00 0.00000E+00 % F19
1.53335E+11 3.22347E-01 % Th232
2.81924E+14 3.98832E+02 % U233
0.00000E+00 0.00000E+00 % H1
0.00000E+00 0.00000E+00 % H2
0.00000E+00 0.00000E+00 % He4
2.08568E+16 0.00000E+00 % He6
0.00000E+00 0.00000E+00 % Li6
1.94012E+17 0.00000E+00 % Li8
0.00000E+00 0.00000E+00 % lost data
2.15151E+17 3.99154E+02 % total
];

MAT_fuelsalt0_H = [
0.00000E+00 0.00000E+00 % Li7
0.00000E+00 0.00000E+00 % Be9
0.00000E+00 0.00000E+00 % F19
1.00181E-01 2.10605E-13 % Th232
2.21715E+02 3.13655E-10 % U233
0.00000E+00 0.00000E+00 % H1
0.00000E+00 0.00000E+00 % H2
0.00000E+00 0.00000E+00 % He4
7.81563E+03 0.00000E+00 % He6
0.00000E+00 0.00000E+00 % Li6
3.75272E+05 0.00000E+00 % Li8
0.00000E+00 0.00000E+00 % lost data
3.83310E+05 3.13865E-10 % total
];

MAT_fuelsalt0_SF = [
0.00000E+00 0.00000E+00 % Li7
0.00000E+00 0.00000E+00 % Be9
0.00000E+00 0.00000E+00 % F19
1.53335E+00 3.22347E-12 % Th232
0.00000E+00 0.00000E+00 % U233
0.00000E+00 0.00000E+00 % H1
0.00000E+00 0.00000E+00 % H2
0.00000E+00 0.00000E+00 % He4
0.00000E+00 0.00000E+00 % He6
0.00000E+00 0.00000E+00 % Li6
0.00000E+00 0.00000E+00 % Li8
0.00000E+00 0.00000E+00 % lost data
1.53335E+00 3.22347E-12 % total
];

MAT_fuelsalt0_GSRC = [
0.00000E+00 0.00000E+00 % Li7
0.00000E+00 0.00000E+00 % Be9
0.00000E+00 0.00000E+00 % F19
1.12374E+10 2.36238E-02 % Th232
0.00000E+00 0.00000E+00 % U233
0.00000E+00 0.00000E+00 % H1
0.00000E+00 0.00000E+00 % H2
0.00000E+00 0.00000E+00 % He4
0.00000E+00 0.00000E+00 % He6
0.00000E+00 0.00000E+00 % Li6
0.00000E+00 0.00000E+00 % Li8
0.00000E+00 0.00000E+00 % lost data
1.12374E+10 2.36238E-02 % total
];

MAT_fuelsalt0_ING_TOX = [
0.00000E+00 0.00000E+00 % Li7
0.00000E+00 0.00000E+00 % Be9
0.00000E+00 0.00000E+00 % F19
3.52670E+04 7.41398E-08 % Th232
1.43781E+07 2.03404E-05 % U233
0.00000E+00 0.00000E+00 % H1
0.00000E+00 0.00000E+00 % H2
0.00000E+00 0.00000E+00 % He4
0.00000E+00 0.00000E+00 % He6
0.00000E+00 0.00000E+00 % Li6
0.00000E+00 0.00000E+00 % Li8
0.00000E+00 0.00000E+00 % lost data
1.44134E+07 2.04146E-05 % total
];

MAT_fuelsalt0_INH_TOX = [
0.00000E+00 0.00000E+00 % Li7
0.00000E+00 0.00000E+00 % Be9
0.00000E+00 0.00000E+00 % F19
1.68668E+07 3.54582E-05 % Th232
2.70647E+09 3.82879E-03 % U233
0.00000E+00 0.00000E+00 % H1
0.00000E+00 0.00000E+00 % H2
0.00000E+00 0.00000E+00 % He4
0.00000E+00 0.00000E+00 % He6
0.00000E+00 0.00000E+00 % Li6
0.00000E+00 0.00000E+00 % Li8
0.00000E+00 0.00000E+00 % lost data
2.72334E+09 3.86425E-03 % total
];

MAT_fuelsalt2_VOLUME = [ 2.59000E+07 2.59000E+07 ];

MAT_fuelsalt2_BURNUP = [ 0.00000E+00 0.00000E+00 ];

MAT_fuelsalt2_ADENS = [
4.75563E-14 2.26432E-02 % Li7
1.06184E-14 5.04934E-03 % Be9
1.01347E-13 4.82099E-02 % F19
7.96345E-15 3.78702E-03 % Th232
1.11549E-16 7.88960E-05 % U233
0.00000E+00 1.30423E-14 % H1
0.00000E+00 5.53311E-16 % H2
5.44553E-17 1.34008E-12 % He4
0.00000E+00 8.01895E-16 % He6
0.00000E+00 5.83536E-14 % Li6
0.00000E+00 7.84230E-15 % Li8
1.08911E-16 1.63366E-16 % lost data
1.67651E-13 7.97683E-02 % total
];

MAT_fuelsalt2_MDENS = [
5.54057E-13 2.63805E-01 % Li7
1.58908E-13 7.55652E-02 % Be9
3.19726E-12 1.52092E+00 % F19
3.06844E-12 1.45920E+00 % Th232
4.31672E-14 3.05310E-02 % U233
0.00000E+00 2.18270E-14 % H1
0.00000E+00 1.85058E-15 % H2
3.61942E-16 8.90697E-12 % He4
0.00000E+00 8.01475E-15 % He6
0.00000E+00 5.82865E-13 % Li6
0.00000E+00 1.04474E-13 % Li8
0.00000E+00 0.00000E+00 % lost data
7.02219E-12 3.35001E+00 % total
];

MAT_fuelsalt2_A = [
0.00000E+00 0.00000E+00 % Li7
0.00000E+00 0.00000E+00 % Be9
0.00000E+00 0.00000E+00 % F19
3.22438E-01 1.53335E+11 % Th232
3.98608E+02 2.81925E+14 % U233
0.00000E+00 0.00000E+00 % H1
0.00000E+00 0.00000E+00 % H2
0.00000E+00 0.00000E+00 % He4
0.00000E+00 1.78456E+16 % He6
0.00000E+00 0.00000E+00 % Li6
0.00000E+00 1.67626E+17 % Li8
0.00000E+00 0.00000E+00 % lost data
3.98931E+02 1.85753E+17 % total
];

MAT_fuelsalt2_H = [
0.00000E+00 0.00000E+00 % Li7
0.00000E+00 0.00000E+00 % Be9
0.00000E+00 0.00000E+00 % F19
2.10665E-13 1.00182E-01 % Th232
3.13479E-10 2.21715E+02 % U233
0.00000E+00 0.00000E+00 % H1
0.00000E+00 0.00000E+00 % H2
0.00000E+00 0.00000E+00 % He4
0.00000E+00 6.68726E+03 % He6
0.00000E+00 0.00000E+00 % Li6
0.00000E+00 3.24233E+05 % Li8
0.00000E+00 0.00000E+00 % lost data
3.13690E-10 3.31142E+05 % total
];

MAT_fuelsalt2_SF = [
0.00000E+00 0.00000E+00 % Li7
0.00000E+00 0.00000E+00 % Be9
0.00000E+00 0.00000E+00 % F19
3.22438E-12 1.53335E+00 % Th232
0.00000E+00 0.00000E+00 % U233
0.00000E+00 0.00000E+00 % H1
0.00000E+00 0.00000E+00 % H2
0.00000E+00 0.00000E+00 % He4
0.00000E+00 0.00000E+00 % He6
0.00000E+00 0.00000E+00 % Li6
0.00000E+00 0.00000E+00 % Li8
0.00000E+00 0.00000E+00 % lost data
3.22438E-12 1.53335E+00 % total
];

MAT_fuelsalt2_GSRC = [
0.00000E+00 0.00000E+00 % Li7
0.00000E+00 0.00000E+00 % Be9
0.00000E+00 0.00000E+00 % F19
2.36305E-02 1.12375E+10 % Th232
0.00000E+00 0.00000E+00 % U233
0.00000E+00 0.00000E+00 % H1
0.00000E+00 0.00000E+00 % H2
0.00000E+00 0.00000E+00 % He4
0.00000E+00 0.00000E+00 % He6
0.00000E+00 0.00000E+00 % Li6
0.00000E+00 0.00000E+00 % Li8
0.00000E+00 0.00000E+00 % lost data
2.36305E-02 1.12375E+10 % total
];

MAT_fuelsalt2_ING_TOX = [
0.00000E+00 0.00000E+00 % Li7
0.00000E+00 0.00000E+00 % Be9
0.00000E+00 0.00000E+00 % F19
7.41608E-08 3.52672E+04 % Th232
2.03290E-05 1.43782E+07 % U233
0.00000E+00 0.00000E+00 % H1
0.00000E+00 0.00000E+00 % H2
0.00000E+00 0.00000E+00 % He4
0.00000E+00 0.00000E+00 % He6
0.00000E+00 0.00000E+00 % Li6
0.00000E+00 0.00000E+00 % Li8
0.00000E+00 0.00000E+00 % lost data
2.04032E-05 1.44135E+07 % total
];

MAT_fuelsalt2_INH_TOX = [
0.00000E+00 0.00000E+00 % Li7
0.00000E+00 0.00000E+00 % Be9
0.00000E+00 0.00000E+00 % F19
3.54682E-05 1.68669E+07 % Th232
3.82664E-03 2.70648E+09 % U233
0.00000E+00 0.00000E+00 % H1
0.00000E+00 0.00000E+00 % H2
0.00000E+00 0.00000E+00 % He4
0.00000E+00 0.00000E+00 % He6
0.00000E+00 0.00000E+00 % Li6
0.00000E+00 0.00000E+00 % Li8
0.00000E+00 0.00000E+00 % lost data
3.86211E-03 2.72335E+09 % total
];

MAT_fuelsalt999_VOLUME = [ 2.28000E+07 2.28000E+07 ];

MAT_fuelsalt999_BURNUP = [ 0.00000E+00 0.00000E+00 ];

