
ZAI = [
30070
40090
90190
902320
922330
10010
10020
20040
20060
30060
30080
666
0
];

NAMES = [
'Li7             '
'Be9             '
'F19             '
'Th232           '
'U233            '
'H1              '
'H2              '
'He4             '
'He6             '
'Li6             '
'Li8             '
'lost            '
'total           '
];

i30070  = 1; iLi7              = 1;
i40090  = 2; iBe9              = 2;
i90190  = 3; iF19              = 3;
i902320 = 4; iTh232            = 4;
i922330 = 5; iU233             = 5;
i10010  = 6; iH1               = 6;
i10020  = 7; iH2               = 7;
i20040  = 8; iHe4              = 8;
i20060  = 9; iHe6              = 9;
i30060  = 10; iLi6              = 10;
i30080  = 11; iLi8              = 11;
iLOST    = 12;
iTOT     = 13;

MAT_fuelsalt0_VOLUME = [ 2.59000E+07 2.59000E+07 ];

MAT_fuelsalt0_BURNUP = [ 0.00000E+00 0.00000E+00 ];

MAT_fuelsalt0_ADENS = [
4.75687E-14 2.26430E-02 % Li7
1.06025E-14 5.04931E-03 % Be9
1.01114E-13 4.82097E-02 % F19
7.94905E-15 3.78700E-03 % Th232
1.11319E-16 7.88955E-05 % U233
9.86357E-26 6.36960E-14 % H1
3.86396E-27 2.46182E-15 % H2
2.01514E-15 6.50082E-12 % He4
0.00000E+00 8.40241E-16 % He6
9.62150E-17 2.82896E-13 % Li6
0.00000E+00 8.09094E-15 % Li8
3.81186E-16 4.35641E-16 % lost data
1.69457E-13 7.97679E-02 % total
];

MAT_fuelsalt0_MDENS = [
5.54201E-13 2.63804E-01 % Li7
1.58670E-13 7.55648E-02 % Be9
3.18992E-12 1.52091E+00 % F19
3.06289E-12 1.45919E+00 % Th232
4.30780E-14 3.05308E-02 % U233
1.65073E-25 1.06599E-13 % H1
1.29232E-26 8.23366E-15 % H2
1.33938E-14 4.32082E-11 % He4
0.00000E+00 8.39801E-15 % He6
9.61045E-16 2.82571E-12 % Li6
0.00000E+00 1.07786E-13 % Li8
0.00000E+00 0.00000E+00 % lost data
7.02311E-12 3.34999E+00 % total
];

MAT_fuelsalt0_A = [
0.00000E+00 0.00000E+00 % Li7
0.00000E+00 0.00000E+00 % Be9
0.00000E+00 0.00000E+00 % F19
3.21855E-01 1.53335E+11 % Th232
3.97785E+02 2.81923E+14 % U233
0.00000E+00 0.00000E+00 % H1
0.00000E+00 0.00000E+00 % H2
0.00000E+00 0.00000E+00 % He4
0.00000E+00 1.86989E+16 % He6
0.00000E+00 0.00000E+00 % Li6
0.00000E+00 1.72940E+17 % Li8
0.00000E+00 0.00000E+00 % lost data
3.98107E+02 1.91921E+17 % total
];

MAT_fuelsalt0_H = [
0.00000E+00 0.00000E+00 % Li7
0.00000E+00 0.00000E+00 % Be9
0.00000E+00 0.00000E+00 % F19
2.10284E-13 1.00181E-01 % Th232
3.12831E-10 2.21714E+02 % U233
0.00000E+00 0.00000E+00 % H1
0.00000E+00 0.00000E+00 % H2
0.00000E+00 0.00000E+00 % He4
0.00000E+00 7.00704E+03 % He6
0.00000E+00 0.00000E+00 % Li6
0.00000E+00 3.34513E+05 % Li8
0.00000E+00 0.00000E+00 % lost data
3.13042E-10 3.41742E+05 % total
];

MAT_fuelsalt0_SF = [
0.00000E+00 0.00000E+00 % Li7
0.00000E+00 0.00000E+00 % Be9
0.00000E+00 0.00000E+00 % F19
3.21855E-12 1.53335E+00 % Th232
0.00000E+00 0.00000E+00 % U233
0.00000E+00 0.00000E+00 % H1
0.00000E+00 0.00000E+00 % H2
0.00000E+00 0.00000E+00 % He4
0.00000E+00 0.00000E+00 % He6
0.00000E+00 0.00000E+00 % Li6
0.00000E+00 0.00000E+00 % Li8
0.00000E+00 0.00000E+00 % lost data
3.21855E-12 1.53335E+00 % total
];

MAT_fuelsalt0_GSRC = [
0.00000E+00 0.00000E+00 % Li7
0.00000E+00 0.00000E+00 % Be9
0.00000E+00 0.00000E+00 % F19
2.35877E-02 1.12374E+10 % Th232
0.00000E+00 0.00000E+00 % U233
0.00000E+00 0.00000E+00 % H1
0.00000E+00 0.00000E+00 % H2
0.00000E+00 0.00000E+00 % He4
0.00000E+00 0.00000E+00 % He6
0.00000E+00 0.00000E+00 % Li6
0.00000E+00 0.00000E+00 % Li8
0.00000E+00 0.00000E+00 % lost data
2.35877E-02 1.12374E+10 % total
];

MAT_fuelsalt0_ING_TOX = [
0.00000E+00 0.00000E+00 % Li7
0.00000E+00 0.00000E+00 % Be9
0.00000E+00 0.00000E+00 % F19
7.40267E-08 3.52670E+04 % Th232
2.02870E-05 1.43781E+07 % U233
0.00000E+00 0.00000E+00 % H1
0.00000E+00 0.00000E+00 % H2
0.00000E+00 0.00000E+00 % He4
0.00000E+00 0.00000E+00 % He6
0.00000E+00 0.00000E+00 % Li6
0.00000E+00 0.00000E+00 % Li8
0.00000E+00 0.00000E+00 % lost data
2.03611E-05 1.44134E+07 % total
];

MAT_fuelsalt0_INH_TOX = [
0.00000E+00 0.00000E+00 % Li7
0.00000E+00 0.00000E+00 % Be9
0.00000E+00 0.00000E+00 % F19
3.54041E-05 1.68668E+07 % Th232
3.81874E-03 2.70647E+09 % U233
0.00000E+00 0.00000E+00 % H1
0.00000E+00 0.00000E+00 % H2
0.00000E+00 0.00000E+00 % He4
0.00000E+00 0.00000E+00 % He6
0.00000E+00 0.00000E+00 % Li6
0.00000E+00 0.00000E+00 % Li8
0.00000E+00 0.00000E+00 % lost data
3.85414E-03 2.72333E+09 % total
];

MAT_fuelsalt2_VOLUME = [ 2.59000E+07 2.59000E+07 ];

MAT_fuelsalt2_BURNUP = [ 0.00000E+00 0.00000E+00 ];

MAT_fuelsalt2_ADENS = [
2.26432E-02 4.75462E-14 % Li7
5.04935E-03 1.05987E-14 % Be9
4.82100E-02 1.01198E-13 % F19
3.78702E-03 7.93072E-15 % Th232
7.88960E-05 1.11272E-16 % U233
3.85594E-14 8.10969E-26 % H1
1.59969E-15 3.36167E-27 % H2
3.94812E-12 2.01460E-15 % He4
8.23811E-16 0.00000E+00 % He6
1.72050E-13 9.57063E-17 % Li6
8.10784E-15 0.00000E+00 % Li8
3.81188E-16 4.35643E-16 % lost data
7.97684E-02 1.69495E-13 % total
];

MAT_fuelsalt2_MDENS = [
2.63805E-01 5.53939E-13 % Li7
7.55653E-02 1.58613E-13 % Be9
1.52092E+00 3.19258E-12 % F19
1.45920E+00 3.05582E-12 % Th232
3.05310E-02 4.30597E-14 % U233
6.45315E-14 1.35721E-25 % H1
5.35023E-15 1.12432E-26 % H2
2.62415E-11 1.33902E-14 % He4
8.23379E-15 0.00000E+00 % He6
1.71852E-12 9.55963E-16 % Li6
1.08012E-13 0.00000E+00 % Li8
0.00000E+00 0.00000E+00 % lost data
3.35002E+00 7.01836E-12 % total
];

MAT_fuelsalt2_A = [
0.00000E+00 0.00000E+00 % Li7
0.00000E+00 0.00000E+00 % Be9
0.00000E+00 0.00000E+00 % F19
1.53336E+11 3.21113E-01 % Th232
2.81925E+14 3.97616E+02 % U233
0.00000E+00 0.00000E+00 % H1
0.00000E+00 0.00000E+00 % H2
0.00000E+00 0.00000E+00 % He4
1.83333E+16 0.00000E+00 % He6
0.00000E+00 0.00000E+00 % Li6
1.73302E+17 0.00000E+00 % Li8
0.00000E+00 0.00000E+00 % lost data
1.91917E+17 3.97937E+02 % total
];

MAT_fuelsalt2_H = [
0.00000E+00 0.00000E+00 % Li7
0.00000E+00 0.00000E+00 % Be9
0.00000E+00 0.00000E+00 % F19
1.00182E-01 2.09799E-13 % Th232
2.21716E+02 3.12699E-10 % U233
0.00000E+00 0.00000E+00 % H1
0.00000E+00 0.00000E+00 % H2
0.00000E+00 0.00000E+00 % He4
6.87002E+03 0.00000E+00 % He6
0.00000E+00 0.00000E+00 % Li6
3.35212E+05 0.00000E+00 % Li8
0.00000E+00 0.00000E+00 % lost data
3.42304E+05 3.12909E-10 % total
];

MAT_fuelsalt2_SF = [
0.00000E+00 0.00000E+00 % Li7
0.00000E+00 0.00000E+00 % Be9
0.00000E+00 0.00000E+00 % F19
1.53336E+00 3.21113E-12 % Th232
0.00000E+00 0.00000E+00 % U233
0.00000E+00 0.00000E+00 % H1
0.00000E+00 0.00000E+00 % H2
0.00000E+00 0.00000E+00 % He4
0.00000E+00 0.00000E+00 % He6
0.00000E+00 0.00000E+00 % Li6
0.00000E+00 0.00000E+00 % Li8
0.00000E+00 0.00000E+00 % lost data
1.53336E+00 3.21113E-12 % total
];

MAT_fuelsalt2_GSRC = [
0.00000E+00 0.00000E+00 % Li7
0.00000E+00 0.00000E+00 % Be9
0.00000E+00 0.00000E+00 % F19
1.12375E+10 2.35334E-02 % Th232
0.00000E+00 0.00000E+00 % U233
0.00000E+00 0.00000E+00 % H1
0.00000E+00 0.00000E+00 % H2
0.00000E+00 0.00000E+00 % He4
0.00000E+00 0.00000E+00 % He6
0.00000E+00 0.00000E+00 % Li6
0.00000E+00 0.00000E+00 % Li8
0.00000E+00 0.00000E+00 % lost data
1.12375E+10 2.35334E-02 % total
];

MAT_fuelsalt2_ING_TOX = [
0.00000E+00 0.00000E+00 % Li7
0.00000E+00 0.00000E+00 % Be9
0.00000E+00 0.00000E+00 % F19
3.52672E+04 7.38560E-08 % Th232
1.43782E+07 2.02784E-05 % U233
0.00000E+00 0.00000E+00 % H1
0.00000E+00 0.00000E+00 % H2
0.00000E+00 0.00000E+00 % He4
0.00000E+00 0.00000E+00 % He6
0.00000E+00 0.00000E+00 % Li6
0.00000E+00 0.00000E+00 % Li8
0.00000E+00 0.00000E+00 % lost data
1.44135E+07 2.03523E-05 % total
];

MAT_fuelsalt2_INH_TOX = [
0.00000E+00 0.00000E+00 % Li7
0.00000E+00 0.00000E+00 % Be9
0.00000E+00 0.00000E+00 % F19
1.68669E+07 3.53224E-05 % Th232
2.70648E+09 3.81712E-03 % U233
0.00000E+00 0.00000E+00 % H1
0.00000E+00 0.00000E+00 % H2
0.00000E+00 0.00000E+00 % He4
0.00000E+00 0.00000E+00 % He6
0.00000E+00 0.00000E+00 % Li6
0.00000E+00 0.00000E+00 % Li8
0.00000E+00 0.00000E+00 % lost data
2.72335E+09 3.85244E-03 % total
];

MAT_fuelsalt999_VOLUME = [ 2.28000E+07 2.28000E+07 ];

MAT_fuelsalt999_BURNUP = [ 0.00000E+00 0.00000E+00 ];

