
ZAI = [
30070
40090
90190
902320
922330
10010
10020
20040
20060
30060
30080
666
0
];

NAMES = [
'Li7             '
'Be9             '
'F19             '
'Th232           '
'U233            '
'H1              '
'H2              '
'He4             '
'He6             '
'Li6             '
'Li8             '
'lost            '
'total           '
];

i30070  = 1; iLi7              = 1;
i40090  = 2; iBe9              = 2;
i90190  = 3; iF19              = 3;
i902320 = 4; iTh232            = 4;
i922330 = 5; iU233             = 5;
i10010  = 6; iH1               = 6;
i10020  = 7; iH2               = 7;
i20040  = 8; iHe4              = 8;
i20060  = 9; iHe6              = 9;
i30060  = 10; iLi6              = 10;
i30080  = 11; iLi8              = 11;
iLOST    = 12;
iTOT     = 13;

MAT_fuelsalt0_VOLUME = [ 2.59000E+07 2.59000E+07 ];

MAT_fuelsalt0_BURNUP = [ 0.00000E+00 0.00000E+00 ];

MAT_fuelsalt0_ADENS = [
2.26431E-02 4.75445E-14 % Li7
5.04932E-03 1.06312E-14 % Be9
4.82097E-02 1.01552E-13 % F19
3.78701E-03 7.97047E-15 % Th232
7.88958E-05 1.11733E-16 % U233
0.00000E+00 0.00000E+00 % H1
0.00000E+00 0.00000E+00 % H2
0.00000E+00 5.44552E-17 % He4
0.00000E+00 0.00000E+00 % He6
0.00000E+00 0.00000E+00 % Li6
0.00000E+00 0.00000E+00 % Li8
0.00000E+00 5.44552E-17 % lost data
7.97681E-02 1.67865E-13 % total
];

MAT_fuelsalt0_MDENS = [
2.63804E-01 5.53919E-13 % Li7
7.55649E-02 1.59100E-13 % Be9
1.52091E+00 3.20375E-12 % F19
1.45919E+00 3.07114E-12 % Th232
3.05309E-02 4.32381E-14 % U233
0.00000E+00 0.00000E+00 % H1
0.00000E+00 0.00000E+00 % H2
0.00000E+00 3.61941E-16 % He4
0.00000E+00 0.00000E+00 % He6
0.00000E+00 0.00000E+00 % Li6
0.00000E+00 0.00000E+00 % Li8
0.00000E+00 0.00000E+00 % lost data
3.35000E+00 7.03151E-12 % total
];

MAT_fuelsalt0_A = [
0.00000E+00 0.00000E+00 % Li7
0.00000E+00 0.00000E+00 % Be9
0.00000E+00 0.00000E+00 % F19
1.53335E+11 3.22722E-01 % Th232
2.81924E+14 3.99263E+02 % U233
0.00000E+00 0.00000E+00 % H1
0.00000E+00 0.00000E+00 % H2
0.00000E+00 0.00000E+00 % He4
0.00000E+00 0.00000E+00 % He6
0.00000E+00 0.00000E+00 % Li6
0.00000E+00 0.00000E+00 % Li8
0.00000E+00 0.00000E+00 % lost data
2.82078E+14 3.99586E+02 % total
];

MAT_fuelsalt0_H = [
0.00000E+00 0.00000E+00 % Li7
0.00000E+00 0.00000E+00 % Be9
0.00000E+00 0.00000E+00 % F19
1.00181E-01 2.10850E-13 % Th232
2.21715E+02 3.13994E-10 % U233
0.00000E+00 0.00000E+00 % H1
0.00000E+00 0.00000E+00 % H2
0.00000E+00 0.00000E+00 % He4
0.00000E+00 0.00000E+00 % He6
0.00000E+00 0.00000E+00 % Li6
0.00000E+00 0.00000E+00 % Li8
0.00000E+00 0.00000E+00 % lost data
2.21815E+02 3.14205E-10 % total
];

MAT_fuelsalt0_SF = [
0.00000E+00 0.00000E+00 % Li7
0.00000E+00 0.00000E+00 % Be9
0.00000E+00 0.00000E+00 % F19
1.53335E+00 3.22722E-12 % Th232
0.00000E+00 0.00000E+00 % U233
0.00000E+00 0.00000E+00 % H1
0.00000E+00 0.00000E+00 % H2
0.00000E+00 0.00000E+00 % He4
0.00000E+00 0.00000E+00 % He6
0.00000E+00 0.00000E+00 % Li6
0.00000E+00 0.00000E+00 % Li8
0.00000E+00 0.00000E+00 % lost data
1.53335E+00 3.22722E-12 % total
];

MAT_fuelsalt0_GSRC = [
0.00000E+00 0.00000E+00 % Li7
0.00000E+00 0.00000E+00 % Be9
0.00000E+00 0.00000E+00 % F19
1.12374E+10 2.36513E-02 % Th232
0.00000E+00 0.00000E+00 % U233
0.00000E+00 0.00000E+00 % H1
0.00000E+00 0.00000E+00 % H2
0.00000E+00 0.00000E+00 % He4
0.00000E+00 0.00000E+00 % He6
0.00000E+00 0.00000E+00 % Li6
0.00000E+00 0.00000E+00 % Li8
0.00000E+00 0.00000E+00 % lost data
1.12374E+10 2.36513E-02 % total
];

MAT_fuelsalt0_ING_TOX = [
0.00000E+00 0.00000E+00 % Li7
0.00000E+00 0.00000E+00 % Be9
0.00000E+00 0.00000E+00 % F19
3.52670E+04 7.42262E-08 % Th232
1.43781E+07 2.03624E-05 % U233
0.00000E+00 0.00000E+00 % H1
0.00000E+00 0.00000E+00 % H2
0.00000E+00 0.00000E+00 % He4
0.00000E+00 0.00000E+00 % He6
0.00000E+00 0.00000E+00 % Li6
0.00000E+00 0.00000E+00 % Li8
0.00000E+00 0.00000E+00 % lost data
1.44134E+07 2.04367E-05 % total
];

MAT_fuelsalt0_INH_TOX = [
0.00000E+00 0.00000E+00 % Li7
0.00000E+00 0.00000E+00 % Be9
0.00000E+00 0.00000E+00 % F19
1.68668E+07 3.54995E-05 % Th232
2.70647E+09 3.83293E-03 % U233
0.00000E+00 0.00000E+00 % H1
0.00000E+00 0.00000E+00 % H2
0.00000E+00 0.00000E+00 % He4
0.00000E+00 0.00000E+00 % He6
0.00000E+00 0.00000E+00 % Li6
0.00000E+00 0.00000E+00 % Li8
0.00000E+00 0.00000E+00 % lost data
2.72334E+09 3.86843E-03 % total
];

MAT_fuelsalt2_VOLUME = [ 2.59000E+07 2.59000E+07 ];

MAT_fuelsalt2_BURNUP = [ 0.00000E+00 0.00000E+00 ];

MAT_fuelsalt2_ADENS = [
6.75913E-08 2.26431E-02 % Li7
1.50726E-08 5.04934E-03 % Be9
1.43910E-07 4.82099E-02 % F19
1.13045E-08 3.78702E-03 % Th232
2.35510E-10 7.88960E-05 % U233
0.00000E+00 0.00000E+00 % H1
0.00000E+00 0.00000E+00 % H2
0.00000E+00 5.44555E-17 % He4
0.00000E+00 0.00000E+00 % He6
0.00000E+00 0.00000E+00 % Li6
0.00000E+00 0.00000E+00 % Li8
0.00000E+00 5.44555E-17 % lost data
2.38114E-07 7.97683E-02 % total
];

MAT_fuelsalt2_MDENS = [
7.87475E-07 2.63805E-01 % Li7
2.25567E-07 7.55651E-02 % Be9
4.54003E-06 1.52091E+00 % F19
4.35579E-06 1.45919E+00 % Th232
9.11370E-08 3.05310E-02 % U233
0.00000E+00 0.00000E+00 % H1
0.00000E+00 0.00000E+00 % H2
0.00000E+00 3.61943E-16 % He4
0.00000E+00 0.00000E+00 % He6
0.00000E+00 0.00000E+00 % Li6
0.00000E+00 0.00000E+00 % Li8
0.00000E+00 0.00000E+00 % lost data
1.00000E-05 3.35001E+00 % total
];

MAT_fuelsalt2_A = [
0.00000E+00 0.00000E+00 % Li7
0.00000E+00 0.00000E+00 % Be9
0.00000E+00 0.00000E+00 % F19
4.57716E+05 1.53335E+11 % Th232
8.41566E+08 2.81925E+14 % U233
0.00000E+00 0.00000E+00 % H1
0.00000E+00 0.00000E+00 % H2
0.00000E+00 0.00000E+00 % He4
0.00000E+00 0.00000E+00 % He6
0.00000E+00 0.00000E+00 % Li6
0.00000E+00 0.00000E+00 % Li8
0.00000E+00 0.00000E+00 % lost data
8.42023E+08 2.82079E+14 % total
];

MAT_fuelsalt2_H = [
0.00000E+00 0.00000E+00 % Li7
0.00000E+00 0.00000E+00 % Be9
0.00000E+00 0.00000E+00 % F19
2.99048E-07 1.00182E-01 % Th232
6.61835E-04 2.21715E+02 % U233
0.00000E+00 0.00000E+00 % H1
0.00000E+00 0.00000E+00 % H2
0.00000E+00 0.00000E+00 % He4
0.00000E+00 0.00000E+00 % He6
0.00000E+00 0.00000E+00 % Li6
0.00000E+00 0.00000E+00 % Li8
0.00000E+00 0.00000E+00 % lost data
6.62134E-04 2.21816E+02 % total
];

MAT_fuelsalt2_SF = [
0.00000E+00 0.00000E+00 % Li7
0.00000E+00 0.00000E+00 % Be9
0.00000E+00 0.00000E+00 % F19
4.57716E-06 1.53335E+00 % Th232
0.00000E+00 0.00000E+00 % U233
0.00000E+00 0.00000E+00 % H1
0.00000E+00 0.00000E+00 % H2
0.00000E+00 0.00000E+00 % He4
0.00000E+00 0.00000E+00 % He6
0.00000E+00 0.00000E+00 % Li6
0.00000E+00 0.00000E+00 % Li8
0.00000E+00 0.00000E+00 % lost data
4.57716E-06 1.53335E+00 % total
];

MAT_fuelsalt2_GSRC = [
0.00000E+00 0.00000E+00 % Li7
0.00000E+00 0.00000E+00 % Be9
0.00000E+00 0.00000E+00 % F19
3.35446E+04 1.12375E+10 % Th232
0.00000E+00 0.00000E+00 % U233
0.00000E+00 0.00000E+00 % H1
0.00000E+00 0.00000E+00 % H2
0.00000E+00 0.00000E+00 % He4
0.00000E+00 0.00000E+00 % He6
0.00000E+00 0.00000E+00 % Li6
0.00000E+00 0.00000E+00 % Li8
0.00000E+00 0.00000E+00 % lost data
3.35446E+04 1.12375E+10 % total
];

MAT_fuelsalt2_ING_TOX = [
0.00000E+00 0.00000E+00 % Li7
0.00000E+00 0.00000E+00 % Be9
0.00000E+00 0.00000E+00 % F19
1.05275E-01 3.52671E+04 % Th232
4.29198E+01 1.43782E+07 % U233
0.00000E+00 0.00000E+00 % H1
0.00000E+00 0.00000E+00 % H2
0.00000E+00 0.00000E+00 % He4
0.00000E+00 0.00000E+00 % He6
0.00000E+00 0.00000E+00 % Li6
0.00000E+00 0.00000E+00 % Li8
0.00000E+00 0.00000E+00 % lost data
4.30251E+01 1.44135E+07 % total
];

MAT_fuelsalt2_INH_TOX = [
0.00000E+00 0.00000E+00 % Li7
0.00000E+00 0.00000E+00 % Be9
0.00000E+00 0.00000E+00 % F19
5.03488E+01 1.68669E+07 % Th232
8.07903E+03 2.70648E+09 % U233
0.00000E+00 0.00000E+00 % H1
0.00000E+00 0.00000E+00 % H2
0.00000E+00 0.00000E+00 % He4
0.00000E+00 0.00000E+00 % He6
0.00000E+00 0.00000E+00 % Li6
0.00000E+00 0.00000E+00 % Li8
0.00000E+00 0.00000E+00 % lost data
8.12938E+03 2.72335E+09 % total
];

MAT_fuelsalt999_VOLUME = [ 2.28000E+07 2.28000E+07 ];

MAT_fuelsalt999_BURNUP = [ 0.00000E+00 0.00000E+00 ];

