
ZAI = [
30070
40090
90190
902320
922330
10010
10020
20040
20060
30060
30080
666
0
];

NAMES = [
'Li7             '
'Be9             '
'F19             '
'Th232           '
'U233            '
'H1              '
'H2              '
'He4             '
'He6             '
'Li6             '
'Li8             '
'lost            '
'total           '
];

i30070  = 1; iLi7              = 1;
i40090  = 2; iBe9              = 2;
i90190  = 3; iF19              = 3;
i902320 = 4; iTh232            = 4;
i922330 = 5; iU233             = 5;
i10010  = 6; iH1               = 6;
i10020  = 7; iH2               = 7;
i20040  = 8; iHe4              = 8;
i20060  = 9; iHe6              = 9;
i30060  = 10; iLi6              = 10;
i30080  = 11; iLi8              = 11;
iLOST    = 12;
iTOT     = 13;

MAT_fuelsalt0_VOLUME = [ 2.59000E+07 2.59000E+07 ];

MAT_fuelsalt0_BURNUP = [ 0.00000E+00 0.00000E+00 ];

MAT_fuelsalt0_ADENS = [
2.26431E-02 4.76417E-14 % Li7
5.04932E-03 1.06052E-14 % Be9
4.82097E-02 1.00951E-13 % F19
3.78700E-03 7.95095E-15 % Th232
7.88957E-05 1.11577E-16 % U233
3.06419E-14 6.43802E-26 % H1
1.14918E-15 2.41467E-27 % H2
3.16047E-12 2.03763E-15 % He4
8.11410E-16 0.00000E+00 % He6
1.37007E-13 9.42657E-17 % Li6
8.20308E-15 0.00000E+00 % Li8
2.17821E-16 2.72276E-16 % lost data
7.97680E-02 1.69392E-13 % total
];

MAT_fuelsalt0_MDENS = [
2.63804E-01 5.55052E-13 % Li7
7.55649E-02 1.58711E-13 % Be9
1.52091E+00 3.18478E-12 % F19
1.45919E+00 3.06362E-12 % Th232
3.05309E-02 4.31778E-14 % U233
5.12811E-14 1.07744E-25 % H1
3.84348E-15 8.07599E-27 % H2
2.10063E-11 1.35433E-14 % He4
8.10985E-15 0.00000E+00 % He6
1.36850E-12 9.41574E-16 % Li6
1.09280E-13 0.00000E+00 % Li8
0.00000E+00 0.00000E+00 % lost data
3.35000E+00 7.01982E-12 % total
];

MAT_fuelsalt0_A = [
0.00000E+00 0.00000E+00 % Li7
0.00000E+00 0.00000E+00 % Be9
0.00000E+00 0.00000E+00 % F19
1.53335E+11 3.21932E-01 % Th232
2.81924E+14 3.98706E+02 % U233
0.00000E+00 0.00000E+00 % H1
0.00000E+00 0.00000E+00 % H2
0.00000E+00 0.00000E+00 % He4
1.80573E+16 0.00000E+00 % He6
0.00000E+00 0.00000E+00 % Li6
1.75337E+17 0.00000E+00 % Li8
0.00000E+00 0.00000E+00 % lost data
1.93677E+17 3.99028E+02 % total
];

MAT_fuelsalt0_H = [
0.00000E+00 0.00000E+00 % Li7
0.00000E+00 0.00000E+00 % Be9
0.00000E+00 0.00000E+00 % F19
1.00181E-01 2.10334E-13 % Th232
2.21714E+02 3.13556E-10 % U233
0.00000E+00 0.00000E+00 % H1
0.00000E+00 0.00000E+00 % H2
0.00000E+00 0.00000E+00 % He4
6.76661E+03 0.00000E+00 % He6
0.00000E+00 0.00000E+00 % Li6
3.39150E+05 0.00000E+00 % Li8
0.00000E+00 0.00000E+00 % lost data
3.46138E+05 3.13766E-10 % total
];

MAT_fuelsalt0_SF = [
0.00000E+00 0.00000E+00 % Li7
0.00000E+00 0.00000E+00 % Be9
0.00000E+00 0.00000E+00 % F19
1.53335E+00 3.21932E-12 % Th232
0.00000E+00 0.00000E+00 % U233
0.00000E+00 0.00000E+00 % H1
0.00000E+00 0.00000E+00 % H2
0.00000E+00 0.00000E+00 % He4
0.00000E+00 0.00000E+00 % He6
0.00000E+00 0.00000E+00 % Li6
0.00000E+00 0.00000E+00 % Li8
0.00000E+00 0.00000E+00 % lost data
1.53335E+00 3.21932E-12 % total
];

MAT_fuelsalt0_GSRC = [
0.00000E+00 0.00000E+00 % Li7
0.00000E+00 0.00000E+00 % Be9
0.00000E+00 0.00000E+00 % F19
1.12374E+10 2.35934E-02 % Th232
0.00000E+00 0.00000E+00 % U233
0.00000E+00 0.00000E+00 % H1
0.00000E+00 0.00000E+00 % H2
0.00000E+00 0.00000E+00 % He4
0.00000E+00 0.00000E+00 % He6
0.00000E+00 0.00000E+00 % Li6
0.00000E+00 0.00000E+00 % Li8
0.00000E+00 0.00000E+00 % lost data
1.12374E+10 2.35934E-02 % total
];

MAT_fuelsalt0_ING_TOX = [
0.00000E+00 0.00000E+00 % Li7
0.00000E+00 0.00000E+00 % Be9
0.00000E+00 0.00000E+00 % F19
3.52670E+04 7.40443E-08 % Th232
1.43781E+07 2.03340E-05 % U233
0.00000E+00 0.00000E+00 % H1
0.00000E+00 0.00000E+00 % H2
0.00000E+00 0.00000E+00 % He4
0.00000E+00 0.00000E+00 % He6
0.00000E+00 0.00000E+00 % Li6
0.00000E+00 0.00000E+00 % Li8
0.00000E+00 0.00000E+00 % lost data
1.44134E+07 2.04081E-05 % total
];

MAT_fuelsalt0_INH_TOX = [
0.00000E+00 0.00000E+00 % Li7
0.00000E+00 0.00000E+00 % Be9
0.00000E+00 0.00000E+00 % F19
1.68668E+07 3.54125E-05 % Th232
2.70647E+09 3.82758E-03 % U233
0.00000E+00 0.00000E+00 % H1
0.00000E+00 0.00000E+00 % H2
0.00000E+00 0.00000E+00 % He4
0.00000E+00 0.00000E+00 % He6
0.00000E+00 0.00000E+00 % Li6
0.00000E+00 0.00000E+00 % Li8
0.00000E+00 0.00000E+00 % lost data
2.72334E+09 3.86299E-03 % total
];

MAT_fuelsalt2_VOLUME = [ 2.59000E+07 2.59000E+07 ];

MAT_fuelsalt2_BURNUP = [ 0.00000E+00 0.00000E+00 ];

MAT_fuelsalt2_ADENS = [
4.76260E-14 2.26432E-02 % Li7
1.06054E-14 5.04934E-03 % Be9
1.01170E-13 4.82099E-02 % F19
7.93845E-15 3.78702E-03 % Th232
1.11502E-16 7.88960E-05 % U233
2.73971E-26 2.64924E-14 % H1
1.16349E-27 1.15119E-15 % H2
1.95041E-15 2.67134E-12 % He4
0.00000E+00 8.30469E-16 % He6
9.31602E-17 1.16310E-13 % Li6
0.00000E+00 8.09267E-15 % Li8
2.17822E-16 2.72277E-16 % lost data
1.69495E-13 7.97684E-02 % total
];

MAT_fuelsalt2_MDENS = [
5.54868E-13 2.63805E-01 % Li7
1.58713E-13 7.55652E-02 % Be9
3.19169E-12 1.52092E+00 % F19
3.05880E-12 1.45920E+00 % Th232
4.31489E-14 3.05310E-02 % U233
4.58506E-26 4.43366E-14 % H1
3.89134E-27 3.85023E-15 % H2
1.29635E-14 1.77553E-11 % He4
0.00000E+00 8.30034E-15 % He6
9.30532E-16 1.16176E-12 % Li6
0.00000E+00 1.07809E-13 % Li8
0.00000E+00 0.00000E+00 % lost data
7.02112E-12 3.35001E+00 % total
];

MAT_fuelsalt2_A = [
0.00000E+00 0.00000E+00 % Li7
0.00000E+00 0.00000E+00 % Be9
0.00000E+00 0.00000E+00 % F19
3.21426E-01 1.53336E+11 % Th232
3.98440E+02 2.81925E+14 % U233
0.00000E+00 0.00000E+00 % H1
0.00000E+00 0.00000E+00 % H2
0.00000E+00 0.00000E+00 % He4
0.00000E+00 1.84815E+16 % He6
0.00000E+00 0.00000E+00 % Li6
0.00000E+00 1.72977E+17 % Li8
0.00000E+00 0.00000E+00 % lost data
3.98761E+02 1.91741E+17 % total
];

MAT_fuelsalt2_H = [
0.00000E+00 0.00000E+00 % Li7
0.00000E+00 0.00000E+00 % Be9
0.00000E+00 0.00000E+00 % F19
2.10003E-13 1.00182E-01 % Th232
3.13346E-10 2.21715E+02 % U233
0.00000E+00 0.00000E+00 % H1
0.00000E+00 0.00000E+00 % H2
0.00000E+00 0.00000E+00 % He4
0.00000E+00 6.92555E+03 % He6
0.00000E+00 0.00000E+00 % Li6
0.00000E+00 3.34585E+05 % Li8
0.00000E+00 0.00000E+00 % lost data
3.13556E-10 3.41732E+05 % total
];

MAT_fuelsalt2_SF = [
0.00000E+00 0.00000E+00 % Li7
0.00000E+00 0.00000E+00 % Be9
0.00000E+00 0.00000E+00 % F19
3.21426E-12 1.53336E+00 % Th232
0.00000E+00 0.00000E+00 % U233
0.00000E+00 0.00000E+00 % H1
0.00000E+00 0.00000E+00 % H2
0.00000E+00 0.00000E+00 % He4
0.00000E+00 0.00000E+00 % He6
0.00000E+00 0.00000E+00 % Li6
0.00000E+00 0.00000E+00 % Li8
0.00000E+00 0.00000E+00 % lost data
3.21426E-12 1.53336E+00 % total
];

MAT_fuelsalt2_GSRC = [
0.00000E+00 0.00000E+00 % Li7
0.00000E+00 0.00000E+00 % Be9
0.00000E+00 0.00000E+00 % F19
2.35563E-02 1.12375E+10 % Th232
0.00000E+00 0.00000E+00 % U233
0.00000E+00 0.00000E+00 % H1
0.00000E+00 0.00000E+00 % H2
0.00000E+00 0.00000E+00 % He4
0.00000E+00 0.00000E+00 % He6
0.00000E+00 0.00000E+00 % Li6
0.00000E+00 0.00000E+00 % Li8
0.00000E+00 0.00000E+00 % lost data
2.35563E-02 1.12375E+10 % total
];

MAT_fuelsalt2_ING_TOX = [
0.00000E+00 0.00000E+00 % Li7
0.00000E+00 0.00000E+00 % Be9
0.00000E+00 0.00000E+00 % F19
7.39279E-08 3.52672E+04 % Th232
2.03204E-05 1.43782E+07 % U233
0.00000E+00 0.00000E+00 % H1
0.00000E+00 0.00000E+00 % H2
0.00000E+00 0.00000E+00 % He4
0.00000E+00 0.00000E+00 % He6
0.00000E+00 0.00000E+00 % Li6
0.00000E+00 0.00000E+00 % Li8
0.00000E+00 0.00000E+00 % lost data
2.03944E-05 1.44135E+07 % total
];

MAT_fuelsalt2_INH_TOX = [
0.00000E+00 0.00000E+00 % Li7
0.00000E+00 0.00000E+00 % Be9
0.00000E+00 0.00000E+00 % F19
3.53568E-05 1.68669E+07 % Th232
3.82502E-03 2.70648E+09 % U233
0.00000E+00 0.00000E+00 % H1
0.00000E+00 0.00000E+00 % H2
0.00000E+00 0.00000E+00 % He4
0.00000E+00 0.00000E+00 % He6
0.00000E+00 0.00000E+00 % Li6
0.00000E+00 0.00000E+00 % Li8
0.00000E+00 0.00000E+00 % lost data
3.86038E-03 2.72335E+09 % total
];

MAT_fuelsalt999_VOLUME = [ 2.28000E+07 2.28000E+07 ];

MAT_fuelsalt999_BURNUP = [ 0.00000E+00 0.00000E+00 ];

