
ZAI = [
30070
40090
90190
902320
922330
10010
10020
20040
20060
30060
30080
666
0
];

NAMES = [
'Li7             '
'Be9             '
'F19             '
'Th232           '
'U233            '
'H1              '
'H2              '
'He4             '
'He6             '
'Li6             '
'Li8             '
'lost            '
'total           '
];

i30070  = 1; iLi7              = 1;
i40090  = 2; iBe9              = 2;
i90190  = 3; iF19              = 3;
i902320 = 4; iTh232            = 4;
i922330 = 5; iU233             = 5;
i10010  = 6; iH1               = 6;
i10020  = 7; iH2               = 7;
i20040  = 8; iHe4              = 8;
i20060  = 9; iHe6              = 9;
i30060  = 10; iLi6              = 10;
i30080  = 11; iLi8              = 11;
iLOST    = 12;
iTOT     = 13;

MAT_fuelsalt0_VOLUME = [ 2.59000E+07 2.59000E+07 ];

MAT_fuelsalt0_BURNUP = [ 0.00000E+00 0.00000E+00 ];

MAT_fuelsalt0_ADENS = [
4.73271E-14 2.26427E-02 % Li7
1.05479E-14 5.04923E-03 % Be9
1.00581E-13 4.82088E-02 % F19
7.90677E-15 3.78693E-03 % Th232
1.11038E-16 7.88938E-05 % U233
3.97214E-25 2.18200E-13 % H1
1.54050E-26 8.49088E-15 % H2
2.01002E-15 2.16749E-11 % He4
0.00000E+00 8.29759E-16 % He6
9.74699E-17 9.48753E-13 % Li6
0.00000E+00 8.10611E-15 % Li8
1.14355E-15 1.19800E-15 % lost data
1.68582E-13 7.97666E-02 % total
];

MAT_fuelsalt0_MDENS = [
5.51386E-13 2.63799E-01 % Li7
1.57853E-13 7.55635E-02 % Be9
3.17312E-12 1.52088E+00 % F19
3.04660E-12 1.45916E+00 % Th232
4.29692E-14 3.05301E-02 % U233
6.64761E-25 3.65171E-13 % H1
5.15226E-26 2.83982E-14 % H2
1.33597E-14 1.44064E-10 % He4
0.00000E+00 8.29324E-15 % He6
9.73579E-16 9.47662E-12 % Li6
0.00000E+00 1.07989E-13 % Li8
0.00000E+00 0.00000E+00 % lost data
6.98625E-12 3.34994E+00 % total
];

MAT_fuelsalt0_A = [
0.00000E+00 0.00000E+00 % Li7
0.00000E+00 0.00000E+00 % Be9
0.00000E+00 0.00000E+00 % F19
3.20143E-01 1.53332E+11 % Th232
3.96781E+02 2.81917E+14 % U233
0.00000E+00 0.00000E+00 % H1
0.00000E+00 0.00000E+00 % H2
0.00000E+00 0.00000E+00 % He4
0.00000E+00 1.84657E+16 % He6
0.00000E+00 0.00000E+00 % Li6
0.00000E+00 1.73265E+17 % Li8
0.00000E+00 0.00000E+00 % lost data
3.97101E+02 1.92012E+17 % total
];

MAT_fuelsalt0_H = [
0.00000E+00 0.00000E+00 % Li7
0.00000E+00 0.00000E+00 % Be9
0.00000E+00 0.00000E+00 % F19
2.09165E-13 1.00179E-01 % Th232
3.12042E-10 2.21709E+02 % U233
0.00000E+00 0.00000E+00 % H1
0.00000E+00 0.00000E+00 % H2
0.00000E+00 0.00000E+00 % He4
0.00000E+00 6.91962E+03 % He6
0.00000E+00 0.00000E+00 % Li6
0.00000E+00 3.35141E+05 % Li8
0.00000E+00 0.00000E+00 % lost data
3.12251E-10 3.42282E+05 % total
];

MAT_fuelsalt0_SF = [
0.00000E+00 0.00000E+00 % Li7
0.00000E+00 0.00000E+00 % Be9
0.00000E+00 0.00000E+00 % F19
3.20143E-12 1.53332E+00 % Th232
0.00000E+00 0.00000E+00 % U233
0.00000E+00 0.00000E+00 % H1
0.00000E+00 0.00000E+00 % H2
0.00000E+00 0.00000E+00 % He4
0.00000E+00 0.00000E+00 % He6
0.00000E+00 0.00000E+00 % Li6
0.00000E+00 0.00000E+00 % Li8
0.00000E+00 0.00000E+00 % lost data
3.20143E-12 1.53332E+00 % total
];

MAT_fuelsalt0_GSRC = [
0.00000E+00 0.00000E+00 % Li7
0.00000E+00 0.00000E+00 % Be9
0.00000E+00 0.00000E+00 % F19
2.34623E-02 1.12372E+10 % Th232
0.00000E+00 0.00000E+00 % U233
0.00000E+00 0.00000E+00 % H1
0.00000E+00 0.00000E+00 % H2
0.00000E+00 0.00000E+00 % He4
0.00000E+00 0.00000E+00 % He6
0.00000E+00 0.00000E+00 % Li6
0.00000E+00 0.00000E+00 % Li8
0.00000E+00 0.00000E+00 % lost data
2.34623E-02 1.12372E+10 % total
];

MAT_fuelsalt0_ING_TOX = [
0.00000E+00 0.00000E+00 % Li7
0.00000E+00 0.00000E+00 % Be9
0.00000E+00 0.00000E+00 % F19
7.36329E-08 3.52664E+04 % Th232
2.02358E-05 1.43778E+07 % U233
0.00000E+00 0.00000E+00 % H1
0.00000E+00 0.00000E+00 % H2
0.00000E+00 0.00000E+00 % He4
0.00000E+00 0.00000E+00 % He6
0.00000E+00 0.00000E+00 % Li6
0.00000E+00 0.00000E+00 % Li8
0.00000E+00 0.00000E+00 % lost data
2.03095E-05 1.44131E+07 % total
];

MAT_fuelsalt0_INH_TOX = [
0.00000E+00 0.00000E+00 % Li7
0.00000E+00 0.00000E+00 % Be9
0.00000E+00 0.00000E+00 % F19
3.52158E-05 1.68665E+07 % Th232
3.80910E-03 2.70641E+09 % U233
0.00000E+00 0.00000E+00 % H1
0.00000E+00 0.00000E+00 % H2
0.00000E+00 0.00000E+00 % He4
0.00000E+00 0.00000E+00 % He6
0.00000E+00 0.00000E+00 % Li6
0.00000E+00 0.00000E+00 % Li8
0.00000E+00 0.00000E+00 % lost data
3.84431E-03 2.72327E+09 % total
];

MAT_fuelsalt2_VOLUME = [ 2.59000E+07 2.59000E+07 ];

MAT_fuelsalt2_BURNUP = [ 0.00000E+00 0.00000E+00 ];

MAT_fuelsalt2_ADENS = [
2.26435E-02 4.72619E-14 % Li7
5.04942E-03 1.05674E-14 % Be9
4.82107E-02 1.00580E-13 % F19
3.78708E-03 7.91246E-15 % Th232
7.88971E-05 1.10252E-16 % U233
9.71990E-14 2.02829E-25 % H1
4.35916E-15 9.11370E-27 % H2
1.00602E-11 2.00461E-15 % He4
8.62797E-16 0.00000E+00 % He6
4.40609E-13 1.00235E-16 % Li6
8.06650E-15 0.00000E+00 % Li8
1.14357E-15 1.19802E-15 % lost data
7.97696E-02 1.68537E-13 % total
];

MAT_fuelsalt2_MDENS = [
2.63809E-01 5.50627E-13 % Li7
7.55664E-02 1.58144E-13 % Be9
1.52094E+00 3.17308E-12 % F19
1.45922E+00 3.04879E-12 % Th232
3.05314E-02 4.26652E-14 % U233
1.62668E-13 3.39446E-25 % H1
1.45794E-14 3.04812E-26 % H2
6.68661E-11 1.33238E-14 % He4
8.62345E-15 0.00000E+00 % He6
4.40103E-12 1.00120E-15 % Li6
1.07461E-13 0.00000E+00 % Li8
0.00000E+00 0.00000E+00 % lost data
3.35007E+00 6.98763E-12 % total
];

MAT_fuelsalt2_A = [
0.00000E+00 0.00000E+00 % Li7
0.00000E+00 0.00000E+00 % Be9
0.00000E+00 0.00000E+00 % F19
1.53338E+11 3.20374E-01 % Th232
2.81929E+14 3.93974E+02 % U233
0.00000E+00 0.00000E+00 % H1
0.00000E+00 0.00000E+00 % H2
0.00000E+00 0.00000E+00 % He4
1.92009E+16 0.00000E+00 % He6
0.00000E+00 0.00000E+00 % Li6
1.72418E+17 0.00000E+00 % Li8
0.00000E+00 0.00000E+00 % lost data
1.91901E+17 3.94294E+02 % total
];

MAT_fuelsalt2_H = [
0.00000E+00 0.00000E+00 % Li7
0.00000E+00 0.00000E+00 % Be9
0.00000E+00 0.00000E+00 % F19
1.00183E-01 2.09316E-13 % Th232
2.21718E+02 3.09834E-10 % U233
0.00000E+00 0.00000E+00 % H1
0.00000E+00 0.00000E+00 % H2
0.00000E+00 0.00000E+00 % He4
7.19513E+03 0.00000E+00 % He6
0.00000E+00 0.00000E+00 % Li6
3.33503E+05 0.00000E+00 % Li8
0.00000E+00 0.00000E+00 % lost data
3.40920E+05 3.10043E-10 % total
];

MAT_fuelsalt2_SF = [
0.00000E+00 0.00000E+00 % Li7
0.00000E+00 0.00000E+00 % Be9
0.00000E+00 0.00000E+00 % F19
1.53338E+00 3.20374E-12 % Th232
0.00000E+00 0.00000E+00 % U233
0.00000E+00 0.00000E+00 % H1
0.00000E+00 0.00000E+00 % H2
0.00000E+00 0.00000E+00 % He4
0.00000E+00 0.00000E+00 % He6
0.00000E+00 0.00000E+00 % Li6
0.00000E+00 0.00000E+00 % Li8
0.00000E+00 0.00000E+00 % lost data
1.53338E+00 3.20374E-12 % total
];

MAT_fuelsalt2_GSRC = [
0.00000E+00 0.00000E+00 % Li7
0.00000E+00 0.00000E+00 % Be9
0.00000E+00 0.00000E+00 % F19
1.12377E+10 2.34792E-02 % Th232
0.00000E+00 0.00000E+00 % U233
0.00000E+00 0.00000E+00 % H1
0.00000E+00 0.00000E+00 % H2
0.00000E+00 0.00000E+00 % He4
0.00000E+00 0.00000E+00 % He6
0.00000E+00 0.00000E+00 % Li6
0.00000E+00 0.00000E+00 % Li8
0.00000E+00 0.00000E+00 % lost data
1.12377E+10 2.34792E-02 % total
];

MAT_fuelsalt2_ING_TOX = [
0.00000E+00 0.00000E+00 % Li7
0.00000E+00 0.00000E+00 % Be9
0.00000E+00 0.00000E+00 % F19
3.52677E+04 7.36859E-08 % Th232
1.43784E+07 2.00927E-05 % U233
0.00000E+00 0.00000E+00 % H1
0.00000E+00 0.00000E+00 % H2
0.00000E+00 0.00000E+00 % He4
0.00000E+00 0.00000E+00 % He6
0.00000E+00 0.00000E+00 % Li6
0.00000E+00 0.00000E+00 % Li8
0.00000E+00 0.00000E+00 % lost data
1.44137E+07 2.01663E-05 % total
];

MAT_fuelsalt2_INH_TOX = [
0.00000E+00 0.00000E+00 % Li7
0.00000E+00 0.00000E+00 % Be9
0.00000E+00 0.00000E+00 % F19
1.68672E+07 3.52411E-05 % Th232
2.70652E+09 3.78215E-03 % U233
0.00000E+00 0.00000E+00 % H1
0.00000E+00 0.00000E+00 % H2
0.00000E+00 0.00000E+00 % He4
0.00000E+00 0.00000E+00 % He6
0.00000E+00 0.00000E+00 % Li6
0.00000E+00 0.00000E+00 % Li8
0.00000E+00 0.00000E+00 % lost data
2.72339E+09 3.81739E-03 % total
];

MAT_fuelsalt999_VOLUME = [ 2.28000E+07 2.28000E+07 ];

MAT_fuelsalt999_BURNUP = [ 0.00000E+00 0.00000E+00 ];

