
ZAI = [
30070
40090
90190
902320
922330
10010
10020
20040
20060
30060
30080
666
0
];

NAMES = [
'Li7             '
'Be9             '
'F19             '
'Th232           '
'U233            '
'H1              '
'H2              '
'He4             '
'He6             '
'Li6             '
'Li8             '
'lost            '
'total           '
];

i30070  = 1; iLi7              = 1;
i40090  = 2; iBe9              = 2;
i90190  = 3; iF19              = 3;
i902320 = 4; iTh232            = 4;
i922330 = 5; iU233             = 5;
i10010  = 6; iH1               = 6;
i10020  = 7; iH2               = 7;
i20040  = 8; iHe4              = 8;
i20060  = 9; iHe6              = 9;
i30060  = 10; iLi6              = 10;
i30080  = 11; iLi8              = 11;
iLOST    = 12;
iTOT     = 13;

MAT_fuelsalt0_VOLUME = [ 2.59000E+07 2.59000E+07 ];

MAT_fuelsalt0_BURNUP = [ 0.00000E+00 0.00000E+00 ];

MAT_fuelsalt0_ADENS = [
2.26430E-02 4.74108E-14 % Li7
5.04931E-03 1.05872E-14 % Be9
4.82096E-02 1.01051E-13 % F19
3.78700E-03 7.94336E-15 % Th232
7.88954E-05 1.10877E-16 % U233
8.12948E-14 1.70371E-25 % H1
3.24165E-15 6.79386E-27 % H2
8.25784E-12 2.01329E-15 % He4
8.22760E-16 0.00000E+00 % He6
3.58966E-13 9.55842E-17 % Li6
8.10241E-15 0.00000E+00 % Li8
5.44551E-16 5.99006E-16 % lost data
7.97678E-02 1.69212E-13 % total
];

MAT_fuelsalt0_MDENS = [
2.63803E-01 5.52361E-13 % Li7
7.55647E-02 1.58442E-13 % Be9
1.52091E+00 3.18793E-12 % F19
1.45919E+00 3.06070E-12 % Th232
3.05307E-02 4.29068E-14 % U233
1.36052E-13 2.85126E-25 % H1
1.08419E-14 2.27224E-26 % H2
5.48865E-11 1.33815E-14 % He4
8.22329E-15 0.00000E+00 % He6
3.58553E-12 9.54744E-16 % Li6
1.07939E-13 0.00000E+00 % Li8
0.00000E+00 0.00000E+00 % lost data
3.34999E+00 7.01668E-12 % total
];

MAT_fuelsalt0_A = [
0.00000E+00 0.00000E+00 % Li7
0.00000E+00 0.00000E+00 % Be9
0.00000E+00 0.00000E+00 % F19
1.53335E+11 3.21625E-01 % Th232
2.81923E+14 3.96205E+02 % U233
0.00000E+00 0.00000E+00 % H1
0.00000E+00 0.00000E+00 % H2
0.00000E+00 0.00000E+00 % He4
1.83099E+16 0.00000E+00 % He6
0.00000E+00 0.00000E+00 % Li6
1.73186E+17 0.00000E+00 % Li8
0.00000E+00 0.00000E+00 % lost data
1.91778E+17 3.96526E+02 % total
];

MAT_fuelsalt0_H = [
0.00000E+00 0.00000E+00 % Li7
0.00000E+00 0.00000E+00 % Be9
0.00000E+00 0.00000E+00 % F19
1.00181E-01 2.10133E-13 % Th232
2.21714E+02 3.11588E-10 % U233
0.00000E+00 0.00000E+00 % H1
0.00000E+00 0.00000E+00 % H2
0.00000E+00 0.00000E+00 % He4
6.86125E+03 0.00000E+00 % He6
0.00000E+00 0.00000E+00 % Li6
3.34988E+05 0.00000E+00 % Li8
0.00000E+00 0.00000E+00 % lost data
3.42071E+05 3.11799E-10 % total
];

MAT_fuelsalt0_SF = [
0.00000E+00 0.00000E+00 % Li7
0.00000E+00 0.00000E+00 % Be9
0.00000E+00 0.00000E+00 % F19
1.53335E+00 3.21625E-12 % Th232
0.00000E+00 0.00000E+00 % U233
0.00000E+00 0.00000E+00 % H1
0.00000E+00 0.00000E+00 % H2
0.00000E+00 0.00000E+00 % He4
0.00000E+00 0.00000E+00 % He6
0.00000E+00 0.00000E+00 % Li6
0.00000E+00 0.00000E+00 % Li8
0.00000E+00 0.00000E+00 % lost data
1.53335E+00 3.21625E-12 % total
];

MAT_fuelsalt0_GSRC = [
0.00000E+00 0.00000E+00 % Li7
0.00000E+00 0.00000E+00 % Be9
0.00000E+00 0.00000E+00 % F19
1.12374E+10 2.35709E-02 % Th232
0.00000E+00 0.00000E+00 % U233
0.00000E+00 0.00000E+00 % H1
0.00000E+00 0.00000E+00 % H2
0.00000E+00 0.00000E+00 % He4
0.00000E+00 0.00000E+00 % He6
0.00000E+00 0.00000E+00 % Li6
0.00000E+00 0.00000E+00 % Li8
0.00000E+00 0.00000E+00 % lost data
1.12374E+10 2.35709E-02 % total
];

MAT_fuelsalt0_ING_TOX = [
0.00000E+00 0.00000E+00 % Li7
0.00000E+00 0.00000E+00 % Be9
0.00000E+00 0.00000E+00 % F19
3.52669E+04 7.39737E-08 % Th232
1.43781E+07 2.02064E-05 % U233
0.00000E+00 0.00000E+00 % H1
0.00000E+00 0.00000E+00 % H2
0.00000E+00 0.00000E+00 % He4
0.00000E+00 0.00000E+00 % He6
0.00000E+00 0.00000E+00 % Li6
0.00000E+00 0.00000E+00 % Li8
0.00000E+00 0.00000E+00 % lost data
1.44133E+07 2.02804E-05 % total
];

MAT_fuelsalt0_INH_TOX = [
0.00000E+00 0.00000E+00 % Li7
0.00000E+00 0.00000E+00 % Be9
0.00000E+00 0.00000E+00 % F19
1.68668E+07 3.53787E-05 % Th232
2.70646E+09 3.80356E-03 % U233
0.00000E+00 0.00000E+00 % H1
0.00000E+00 0.00000E+00 % H2
0.00000E+00 0.00000E+00 % He4
0.00000E+00 0.00000E+00 % He6
0.00000E+00 0.00000E+00 % Li6
0.00000E+00 0.00000E+00 % Li8
0.00000E+00 0.00000E+00 % lost data
2.72333E+09 3.83894E-03 % total
];

MAT_fuelsalt2_VOLUME = [ 2.59000E+07 2.59000E+07 ];

MAT_fuelsalt2_BURNUP = [ 0.00000E+00 0.00000E+00 ];

MAT_fuelsalt2_ADENS = [
4.74956E-14 2.26432E-02 % Li7
1.05809E-14 5.04936E-03 % Be9
1.01229E-13 4.82101E-02 % F19
7.93845E-15 3.78703E-03 % Th232
1.11148E-16 7.88962E-05 % U233
1.05561E-25 6.16770E-14 % H1
4.45014E-27 2.71994E-15 % H2
2.01930E-15 6.33430E-12 % He4
0.00000E+00 8.19320E-16 % He6
9.62989E-17 2.75656E-13 % Li6
0.00000E+00 8.12306E-15 % Li8
5.44554E-16 5.99009E-16 % lost data
1.69470E-13 7.97686E-02 % total
];

MAT_fuelsalt2_MDENS = [
5.53350E-13 2.63806E-01 % Li7
1.58347E-13 7.55654E-02 % Be9
3.19354E-12 1.52092E+00 % F19
3.05880E-12 1.45920E+00 % Th232
4.30117E-14 3.05310E-02 % U233
1.76663E-25 1.03220E-13 % H1
1.48837E-26 9.09698E-15 % H2
1.34215E-14 4.21014E-11 % He4
0.00000E+00 8.18891E-15 % He6
9.61882E-16 2.75340E-12 % Li6
0.00000E+00 1.08214E-13 % Li8
0.00000E+00 0.00000E+00 % lost data
7.02143E-12 3.35002E+00 % total
];

MAT_fuelsalt2_A = [
0.00000E+00 0.00000E+00 % Li7
0.00000E+00 0.00000E+00 % Be9
0.00000E+00 0.00000E+00 % F19
3.21426E-01 1.53336E+11 % Th232
3.97173E+02 2.81926E+14 % U233
0.00000E+00 0.00000E+00 % H1
0.00000E+00 0.00000E+00 % H2
0.00000E+00 0.00000E+00 % He4
0.00000E+00 1.82334E+16 % He6
0.00000E+00 0.00000E+00 % Li6
0.00000E+00 1.73627E+17 % Li8
0.00000E+00 0.00000E+00 % lost data
3.97495E+02 1.92143E+17 % total
];

MAT_fuelsalt2_H = [
0.00000E+00 0.00000E+00 % Li7
0.00000E+00 0.00000E+00 % Be9
0.00000E+00 0.00000E+00 % F19
2.10003E-13 1.00182E-01 % Th232
3.12350E-10 2.21716E+02 % U233
0.00000E+00 0.00000E+00 % H1
0.00000E+00 0.00000E+00 % H2
0.00000E+00 0.00000E+00 % He4
0.00000E+00 6.83257E+03 % He6
0.00000E+00 0.00000E+00 % Li6
0.00000E+00 3.35841E+05 % Li8
0.00000E+00 0.00000E+00 % lost data
3.12560E-10 3.42896E+05 % total
];

MAT_fuelsalt2_SF = [
0.00000E+00 0.00000E+00 % Li7
0.00000E+00 0.00000E+00 % Be9
0.00000E+00 0.00000E+00 % F19
3.21426E-12 1.53336E+00 % Th232
0.00000E+00 0.00000E+00 % U233
0.00000E+00 0.00000E+00 % H1
0.00000E+00 0.00000E+00 % H2
0.00000E+00 0.00000E+00 % He4
0.00000E+00 0.00000E+00 % He6
0.00000E+00 0.00000E+00 % Li6
0.00000E+00 0.00000E+00 % Li8
0.00000E+00 0.00000E+00 % lost data
3.21426E-12 1.53336E+00 % total
];

MAT_fuelsalt2_GSRC = [
0.00000E+00 0.00000E+00 % Li7
0.00000E+00 0.00000E+00 % Be9
0.00000E+00 0.00000E+00 % F19
2.35563E-02 1.12375E+10 % Th232
0.00000E+00 0.00000E+00 % U233
0.00000E+00 0.00000E+00 % H1
0.00000E+00 0.00000E+00 % H2
0.00000E+00 0.00000E+00 % He4
0.00000E+00 0.00000E+00 % He6
0.00000E+00 0.00000E+00 % Li6
0.00000E+00 0.00000E+00 % Li8
0.00000E+00 0.00000E+00 % lost data
2.35563E-02 1.12375E+10 % total
];

MAT_fuelsalt2_ING_TOX = [
0.00000E+00 0.00000E+00 % Li7
0.00000E+00 0.00000E+00 % Be9
0.00000E+00 0.00000E+00 % F19
7.39279E-08 3.52673E+04 % Th232
2.02558E-05 1.43782E+07 % U233
0.00000E+00 0.00000E+00 % H1
0.00000E+00 0.00000E+00 % H2
0.00000E+00 0.00000E+00 % He4
0.00000E+00 0.00000E+00 % He6
0.00000E+00 0.00000E+00 % Li6
0.00000E+00 0.00000E+00 % Li8
0.00000E+00 0.00000E+00 % lost data
2.03298E-05 1.44135E+07 % total
];

MAT_fuelsalt2_INH_TOX = [
0.00000E+00 0.00000E+00 % Li7
0.00000E+00 0.00000E+00 % Be9
0.00000E+00 0.00000E+00 % F19
3.53568E-05 1.68670E+07 % Th232
3.81286E-03 2.70649E+09 % U233
0.00000E+00 0.00000E+00 % H1
0.00000E+00 0.00000E+00 % H2
0.00000E+00 0.00000E+00 % He4
0.00000E+00 0.00000E+00 % He6
0.00000E+00 0.00000E+00 % Li6
0.00000E+00 0.00000E+00 % Li8
0.00000E+00 0.00000E+00 % lost data
3.84822E-03 2.72335E+09 % total
];

MAT_fuelsalt999_VOLUME = [ 2.28000E+07 2.28000E+07 ];

MAT_fuelsalt999_BURNUP = [ 0.00000E+00 0.00000E+00 ];

