
ZAI = [
30070
40090
90190
902320
922330
10010
10020
20040
20060
30060
30080
666
0
];

NAMES = [
'Li7             '
'Be9             '
'F19             '
'Th232           '
'U233            '
'H1              '
'H2              '
'He4             '
'He6             '
'Li6             '
'Li8             '
'lost            '
'total           '
];

i30070  = 1; iLi7              = 1;
i40090  = 2; iBe9              = 2;
i90190  = 3; iF19              = 3;
i902320 = 4; iTh232            = 4;
i922330 = 5; iU233             = 5;
i10010  = 6; iH1               = 6;
i10020  = 7; iH2               = 7;
i20040  = 8; iHe4              = 8;
i20060  = 9; iHe6              = 9;
i30060  = 10; iLi6              = 10;
i30080  = 11; iLi8              = 11;
iLOST    = 12;
iTOT     = 13;

MAT_fuelsalt0_VOLUME = [ 2.59000E+07 2.59000E+07 ];

MAT_fuelsalt0_BURNUP = [ 0.00000E+00 0.00000E+00 ];

MAT_fuelsalt0_ADENS = [
4.70877E-14 2.26386E-02 % Li7
1.04928E-14 5.04831E-03 % Be9
1.00142E-13 4.82001E-02 % F19
7.86596E-15 3.78625E-03 % Th232
1.09756E-16 7.88781E-05 % U233
1.47381E-24 8.21587E-13 % H1
5.51605E-26 3.08552E-14 % H2
2.01580E-15 8.07651E-11 % He4
0.00000E+00 8.28354E-16 % He6
9.73701E-17 3.53605E-12 % Li6
0.00000E+00 8.10340E-15 % Li8
2.12367E-15 2.17811E-15 % lost data
1.67811E-13 7.97521E-02 % total
];

MAT_fuelsalt0_MDENS = [
5.48597E-13 2.63751E-01 % Li7
1.57029E-13 7.55498E-02 % Be9
3.15925E-12 1.52061E+00 % F19
3.03087E-12 1.45890E+00 % Th232
4.24732E-14 3.05241E-02 % U233
2.46650E-24 1.37497E-12 % H1
1.84487E-25 1.03197E-13 % H2
1.33982E-14 5.36812E-10 % He4
0.00000E+00 8.27920E-15 % He6
9.72582E-16 3.53199E-11 % Li6
0.00000E+00 1.07952E-13 % Li8
0.00000E+00 0.00000E+00 % lost data
6.95259E-12 3.34933E+00 % total
];

MAT_fuelsalt0_A = [
0.00000E+00 0.00000E+00 % Li7
0.00000E+00 0.00000E+00 % Be9
0.00000E+00 0.00000E+00 % F19
3.18491E-01 1.53304E+11 % Th232
3.92200E+02 2.81861E+14 % U233
0.00000E+00 0.00000E+00 % H1
0.00000E+00 0.00000E+00 % H2
0.00000E+00 0.00000E+00 % He4
0.00000E+00 1.84344E+16 % He6
0.00000E+00 0.00000E+00 % Li6
0.00000E+00 1.73207E+17 % Li8
0.00000E+00 0.00000E+00 % lost data
3.92519E+02 1.91923E+17 % total
];

MAT_fuelsalt0_H = [
0.00000E+00 0.00000E+00 % Li7
0.00000E+00 0.00000E+00 % Be9
0.00000E+00 0.00000E+00 % F19
2.08086E-13 1.00161E-01 % Th232
3.08439E-10 2.21665E+02 % U233
0.00000E+00 0.00000E+00 % H1
0.00000E+00 0.00000E+00 % H2
0.00000E+00 0.00000E+00 % He4
0.00000E+00 6.90790E+03 % He6
0.00000E+00 0.00000E+00 % Li6
0.00000E+00 3.35028E+05 % Li8
0.00000E+00 0.00000E+00 % lost data
3.08647E-10 3.42158E+05 % total
];

MAT_fuelsalt0_SF = [
0.00000E+00 0.00000E+00 % Li7
0.00000E+00 0.00000E+00 % Be9
0.00000E+00 0.00000E+00 % F19
3.18491E-12 1.53304E+00 % Th232
0.00000E+00 0.00000E+00 % U233
0.00000E+00 0.00000E+00 % H1
0.00000E+00 0.00000E+00 % H2
0.00000E+00 0.00000E+00 % He4
0.00000E+00 0.00000E+00 % He6
0.00000E+00 0.00000E+00 % Li6
0.00000E+00 0.00000E+00 % Li8
0.00000E+00 0.00000E+00 % lost data
3.18491E-12 1.53304E+00 % total
];

MAT_fuelsalt0_GSRC = [
0.00000E+00 0.00000E+00 % Li7
0.00000E+00 0.00000E+00 % Be9
0.00000E+00 0.00000E+00 % F19
2.33412E-02 1.12352E+10 % Th232
0.00000E+00 0.00000E+00 % U233
0.00000E+00 0.00000E+00 % H1
0.00000E+00 0.00000E+00 % H2
0.00000E+00 0.00000E+00 % He4
0.00000E+00 0.00000E+00 % He6
0.00000E+00 0.00000E+00 % Li6
0.00000E+00 0.00000E+00 % Li8
0.00000E+00 0.00000E+00 % lost data
2.33412E-02 1.12352E+10 % total
];

MAT_fuelsalt0_ING_TOX = [
0.00000E+00 0.00000E+00 % Li7
0.00000E+00 0.00000E+00 % Be9
0.00000E+00 0.00000E+00 % F19
7.32529E-08 3.52600E+04 % Th232
2.00022E-05 1.43749E+07 % U233
0.00000E+00 0.00000E+00 % H1
0.00000E+00 0.00000E+00 % H2
0.00000E+00 0.00000E+00 % He4
0.00000E+00 0.00000E+00 % He6
0.00000E+00 0.00000E+00 % Li6
0.00000E+00 0.00000E+00 % Li8
0.00000E+00 0.00000E+00 % lost data
2.00755E-05 1.44102E+07 % total
];

MAT_fuelsalt0_INH_TOX = [
0.00000E+00 0.00000E+00 % Li7
0.00000E+00 0.00000E+00 % Be9
0.00000E+00 0.00000E+00 % F19
3.50340E-05 1.68635E+07 % Th232
3.76512E-03 2.70587E+09 % U233
0.00000E+00 0.00000E+00 % H1
0.00000E+00 0.00000E+00 % H2
0.00000E+00 0.00000E+00 % He4
0.00000E+00 0.00000E+00 % He6
0.00000E+00 0.00000E+00 % Li6
0.00000E+00 0.00000E+00 % Li8
0.00000E+00 0.00000E+00 % lost data
3.80016E-03 2.72273E+09 % total
];

MAT_fuelsalt2_VOLUME = [ 2.59000E+07 2.59000E+07 ];

MAT_fuelsalt2_BURNUP = [ 0.00000E+00 0.00000E+00 ];

MAT_fuelsalt2_ADENS = [
2.26471E-02 4.70946E-14 % Li7
5.05023E-03 1.04960E-14 % Be9
4.82184E-02 1.00149E-13 % F19
3.78768E-03 7.86654E-15 % Th232
7.89104E-05 1.09247E-16 % U233
0.00000E+00 0.00000E+00 % H1
0.00000E+00 0.00000E+00 % H2
1.19692E-13 2.01426E-15 % He4
8.46794E-16 0.00000E+00 % He6
6.52650E-15 9.83764E-17 % Li6
8.10635E-15 0.00000E+00 % Li8
2.12383E-15 2.17829E-15 % lost data
7.97823E-02 1.67828E-13 % total
];

MAT_fuelsalt2_MDENS = [
2.63851E-01 5.48677E-13 % Li7
7.55784E-02 1.57076E-13 % Be9
1.52118E+00 3.15947E-12 % F19
1.45945E+00 3.03110E-12 % Th232
3.05366E-02 4.22763E-14 % U233
0.00000E+00 0.00000E+00 % H1
0.00000E+00 0.00000E+00 % H2
7.95546E-13 1.33879E-14 % He4
8.46350E-15 0.00000E+00 % He6
6.51900E-14 9.82633E-16 % Li6
1.07992E-13 0.00000E+00 % Li8
0.00000E+00 0.00000E+00 % lost data
3.35060E+00 6.95297E-12 % total
];

MAT_fuelsalt2_A = [
0.00000E+00 0.00000E+00 % Li7
0.00000E+00 0.00000E+00 % Be9
0.00000E+00 0.00000E+00 % F19
1.53362E+11 3.18514E-01 % Th232
2.81977E+14 3.90383E+02 % U233
0.00000E+00 0.00000E+00 % H1
0.00000E+00 0.00000E+00 % H2
0.00000E+00 0.00000E+00 % He4
1.88448E+16 0.00000E+00 % He6
0.00000E+00 0.00000E+00 % Li6
1.73270E+17 0.00000E+00 % Li8
0.00000E+00 0.00000E+00 % lost data
1.92397E+17 3.90701E+02 % total
];

MAT_fuelsalt2_H = [
0.00000E+00 0.00000E+00 % Li7
0.00000E+00 0.00000E+00 % Be9
0.00000E+00 0.00000E+00 % F19
1.00199E-01 2.08101E-13 % Th232
2.21756E+02 3.07010E-10 % U233
0.00000E+00 0.00000E+00 % H1
0.00000E+00 0.00000E+00 % H2
0.00000E+00 0.00000E+00 % He4
7.06168E+03 0.00000E+00 % He6
0.00000E+00 0.00000E+00 % Li6
3.35151E+05 0.00000E+00 % Li8
0.00000E+00 0.00000E+00 % lost data
3.42434E+05 3.07218E-10 % total
];

MAT_fuelsalt2_SF = [
0.00000E+00 0.00000E+00 % Li7
0.00000E+00 0.00000E+00 % Be9
0.00000E+00 0.00000E+00 % F19
1.53362E+00 3.18514E-12 % Th232
0.00000E+00 0.00000E+00 % U233
0.00000E+00 0.00000E+00 % H1
0.00000E+00 0.00000E+00 % H2
0.00000E+00 0.00000E+00 % He4
0.00000E+00 0.00000E+00 % He6
0.00000E+00 0.00000E+00 % Li6
0.00000E+00 0.00000E+00 % Li8
0.00000E+00 0.00000E+00 % lost data
1.53362E+00 3.18514E-12 % total
];

MAT_fuelsalt2_GSRC = [
0.00000E+00 0.00000E+00 % Li7
0.00000E+00 0.00000E+00 % Be9
0.00000E+00 0.00000E+00 % F19
1.12394E+10 2.33429E-02 % Th232
0.00000E+00 0.00000E+00 % U233
0.00000E+00 0.00000E+00 % H1
0.00000E+00 0.00000E+00 % H2
0.00000E+00 0.00000E+00 % He4
0.00000E+00 0.00000E+00 % He6
0.00000E+00 0.00000E+00 % Li6
0.00000E+00 0.00000E+00 % Li8
0.00000E+00 0.00000E+00 % lost data
1.12394E+10 2.33429E-02 % total
];

MAT_fuelsalt2_ING_TOX = [
0.00000E+00 0.00000E+00 % Li7
0.00000E+00 0.00000E+00 % Be9
0.00000E+00 0.00000E+00 % F19
3.52734E+04 7.32583E-08 % Th232
1.43808E+07 1.99095E-05 % U233
0.00000E+00 0.00000E+00 % H1
0.00000E+00 0.00000E+00 % H2
0.00000E+00 0.00000E+00 % He4
0.00000E+00 0.00000E+00 % He6
0.00000E+00 0.00000E+00 % Li6
0.00000E+00 0.00000E+00 % Li8
0.00000E+00 0.00000E+00 % lost data
1.44161E+07 1.99828E-05 % total
];

MAT_fuelsalt2_INH_TOX = [
0.00000E+00 0.00000E+00 % Li7
0.00000E+00 0.00000E+00 % Be9
0.00000E+00 0.00000E+00 % F19
1.68699E+07 3.50366E-05 % Th232
2.70698E+09 3.74767E-03 % U233
0.00000E+00 0.00000E+00 % H1
0.00000E+00 0.00000E+00 % H2
0.00000E+00 0.00000E+00 % He4
0.00000E+00 0.00000E+00 % He6
0.00000E+00 0.00000E+00 % Li6
0.00000E+00 0.00000E+00 % Li8
0.00000E+00 0.00000E+00 % lost data
2.72385E+09 3.78271E-03 % total
];

MAT_fuelsalt999_VOLUME = [ 2.28000E+07 2.28000E+07 ];

MAT_fuelsalt999_BURNUP = [ 0.00000E+00 0.00000E+00 ];

