
ZAI = [
30070
40090
90190
902320
922330
10010
10020
20040
20060
30060
30080
666
0
];

NAMES = [
'Li7             '
'Be9             '
'F19             '
'Th232           '
'U233            '
'H1              '
'H2              '
'He4             '
'He6             '
'Li6             '
'Li8             '
'lost            '
'total           '
];

i30070  = 1; iLi7              = 1;
i40090  = 2; iBe9              = 2;
i90190  = 3; iF19              = 3;
i902320 = 4; iTh232            = 4;
i922330 = 5; iU233             = 5;
i10010  = 6; iH1               = 6;
i10020  = 7; iH2               = 7;
i20040  = 8; iHe4              = 8;
i20060  = 9; iHe6              = 9;
i30060  = 10; iLi6              = 10;
i30080  = 11; iLi8              = 11;
iLOST    = 12;
iTOT     = 13;

MAT_fuelsalt0_VOLUME = [ 2.59000E+07 2.59000E+07 ];

MAT_fuelsalt0_BURNUP = [ 0.00000E+00 0.00000E+00 ];

MAT_fuelsalt0_ADENS = [
2.26428E-02 4.73271E-14 % Li7
5.04925E-03 1.05479E-14 % Be9
4.82091E-02 1.00581E-13 % F19
3.78695E-03 7.90677E-15 % Th232
7.88942E-05 1.11038E-16 % U233
1.90063E-13 3.97214E-25 % H1
7.36898E-15 1.54050E-26 % H2
1.88969E-11 2.01002E-15 % He4
8.38991E-16 0.00000E+00 % He6
8.27069E-13 9.74699E-17 % Li6
8.08887E-15 0.00000E+00 % Li8
1.08910E-15 1.14355E-15 % lost data
7.97669E-02 1.68582E-13 % total
];

MAT_fuelsalt0_MDENS = [
2.63800E-01 5.51386E-13 % Li7
7.55638E-02 1.57853E-13 % Be9
1.52089E+00 3.17312E-12 % F19
1.45917E+00 3.04660E-12 % Th232
3.05303E-02 4.29692E-14 % U233
3.18082E-13 6.64761E-25 % H1
2.46459E-14 5.15226E-26 % H2
1.25600E-10 1.33597E-14 % He4
8.38552E-15 0.00000E+00 % He6
8.26118E-12 9.73579E-16 % Li6
1.07759E-13 0.00000E+00 % Li8
0.00000E+00 0.00000E+00 % lost data
3.34995E+00 6.98625E-12 % total
];

MAT_fuelsalt0_A = [
0.00000E+00 0.00000E+00 % Li7
0.00000E+00 0.00000E+00 % Be9
0.00000E+00 0.00000E+00 % F19
1.53333E+11 3.20143E-01 % Th232
2.81919E+14 3.96781E+02 % U233
0.00000E+00 0.00000E+00 % H1
0.00000E+00 0.00000E+00 % H2
0.00000E+00 0.00000E+00 % He4
1.86711E+16 0.00000E+00 % He6
0.00000E+00 0.00000E+00 % Li6
1.72896E+17 0.00000E+00 % Li8
0.00000E+00 0.00000E+00 % lost data
1.91849E+17 3.97101E+02 % total
];

MAT_fuelsalt0_H = [
0.00000E+00 0.00000E+00 % Li7
0.00000E+00 0.00000E+00 % Be9
0.00000E+00 0.00000E+00 % F19
1.00180E-01 2.09165E-13 % Th232
2.21710E+02 3.12042E-10 % U233
0.00000E+00 0.00000E+00 % H1
0.00000E+00 0.00000E+00 % H2
0.00000E+00 0.00000E+00 % He4
6.99661E+03 0.00000E+00 % He6
0.00000E+00 0.00000E+00 % Li6
3.34428E+05 0.00000E+00 % Li8
0.00000E+00 0.00000E+00 % lost data
3.41646E+05 3.12251E-10 % total
];

MAT_fuelsalt0_SF = [
0.00000E+00 0.00000E+00 % Li7
0.00000E+00 0.00000E+00 % Be9
0.00000E+00 0.00000E+00 % F19
1.53333E+00 3.20143E-12 % Th232
0.00000E+00 0.00000E+00 % U233
0.00000E+00 0.00000E+00 % H1
0.00000E+00 0.00000E+00 % H2
0.00000E+00 0.00000E+00 % He4
0.00000E+00 0.00000E+00 % He6
0.00000E+00 0.00000E+00 % Li6
0.00000E+00 0.00000E+00 % Li8
0.00000E+00 0.00000E+00 % lost data
1.53333E+00 3.20143E-12 % total
];

MAT_fuelsalt0_GSRC = [
0.00000E+00 0.00000E+00 % Li7
0.00000E+00 0.00000E+00 % Be9
0.00000E+00 0.00000E+00 % F19
1.12373E+10 2.34623E-02 % Th232
0.00000E+00 0.00000E+00 % U233
0.00000E+00 0.00000E+00 % H1
0.00000E+00 0.00000E+00 % H2
0.00000E+00 0.00000E+00 % He4
0.00000E+00 0.00000E+00 % He6
0.00000E+00 0.00000E+00 % Li6
0.00000E+00 0.00000E+00 % Li8
0.00000E+00 0.00000E+00 % lost data
1.12373E+10 2.34623E-02 % total
];

MAT_fuelsalt0_ING_TOX = [
0.00000E+00 0.00000E+00 % Li7
0.00000E+00 0.00000E+00 % Be9
0.00000E+00 0.00000E+00 % F19
3.52665E+04 7.36329E-08 % Th232
1.43779E+07 2.02358E-05 % U233
0.00000E+00 0.00000E+00 % H1
0.00000E+00 0.00000E+00 % H2
0.00000E+00 0.00000E+00 % He4
0.00000E+00 0.00000E+00 % He6
0.00000E+00 0.00000E+00 % Li6
0.00000E+00 0.00000E+00 % Li8
0.00000E+00 0.00000E+00 % lost data
1.44131E+07 2.03095E-05 % total
];

MAT_fuelsalt0_INH_TOX = [
0.00000E+00 0.00000E+00 % Li7
0.00000E+00 0.00000E+00 % Be9
0.00000E+00 0.00000E+00 % F19
1.68666E+07 3.52158E-05 % Th232
2.70642E+09 3.80910E-03 % U233
0.00000E+00 0.00000E+00 % H1
0.00000E+00 0.00000E+00 % H2
0.00000E+00 0.00000E+00 % He4
0.00000E+00 0.00000E+00 % He6
0.00000E+00 0.00000E+00 % Li6
0.00000E+00 0.00000E+00 % Li8
0.00000E+00 0.00000E+00 % lost data
2.72329E+09 3.84431E-03 % total
];

MAT_fuelsalt2_VOLUME = [ 2.59000E+07 2.59000E+07 ];

MAT_fuelsalt2_BURNUP = [ 0.00000E+00 0.00000E+00 ];

MAT_fuelsalt2_ADENS = [
4.73198E-14 2.26435E-02 % Li7
1.05578E-14 5.04942E-03 % Be9
1.00605E-13 4.82107E-02 % F19
7.90305E-15 3.78708E-03 % Th232
1.10582E-16 7.88971E-05 % U233
1.97551E-25 9.71990E-14 % H1
8.73569E-27 4.35916E-15 % H2
2.01405E-15 1.00602E-11 % He4
0.00000E+00 8.62797E-16 % He6
9.73572E-17 4.40609E-13 % Li6
0.00000E+00 8.06650E-15 % Li8
1.08911E-15 1.14357E-15 % lost data
1.68608E-13 7.97696E-02 % total
];

MAT_fuelsalt2_MDENS = [
5.51301E-13 2.63809E-01 % Li7
1.58001E-13 7.55664E-02 % Be9
3.17386E-12 1.52094E+00 % F19
3.04516E-12 1.45922E+00 % Th232
4.27926E-14 3.05314E-02 % U233
3.30613E-25 1.62668E-13 % H1
2.92169E-26 1.45794E-14 % H2
1.33866E-14 6.68661E-11 % He4
0.00000E+00 8.62345E-15 % He6
9.72453E-16 4.40103E-12 % Li6
0.00000E+00 1.07461E-13 % Li8
0.00000E+00 0.00000E+00 % lost data
6.98548E-12 3.35007E+00 % total
];

MAT_fuelsalt2_A = [
0.00000E+00 0.00000E+00 % Li7
0.00000E+00 0.00000E+00 % Be9
0.00000E+00 0.00000E+00 % F19
3.19993E-01 1.53338E+11 % Th232
3.95150E+02 2.81929E+14 % U233
0.00000E+00 0.00000E+00 % H1
0.00000E+00 0.00000E+00 % H2
0.00000E+00 0.00000E+00 % He4
0.00000E+00 1.92009E+16 % He6
0.00000E+00 0.00000E+00 % Li6
0.00000E+00 1.72418E+17 % Li8
0.00000E+00 0.00000E+00 % lost data
3.95470E+02 1.91901E+17 % total
];

MAT_fuelsalt2_H = [
0.00000E+00 0.00000E+00 % Li7
0.00000E+00 0.00000E+00 % Be9
0.00000E+00 0.00000E+00 % F19
2.09067E-13 1.00183E-01 % Th232
3.10759E-10 2.21718E+02 % U233
0.00000E+00 0.00000E+00 % H1
0.00000E+00 0.00000E+00 % H2
0.00000E+00 0.00000E+00 % He4
0.00000E+00 7.19513E+03 % He6
0.00000E+00 0.00000E+00 % Li6
0.00000E+00 3.33503E+05 % Li8
0.00000E+00 0.00000E+00 % lost data
3.10968E-10 3.40920E+05 % total
];

MAT_fuelsalt2_SF = [
0.00000E+00 0.00000E+00 % Li7
0.00000E+00 0.00000E+00 % Be9
0.00000E+00 0.00000E+00 % F19
3.19993E-12 1.53338E+00 % Th232
0.00000E+00 0.00000E+00 % U233
0.00000E+00 0.00000E+00 % H1
0.00000E+00 0.00000E+00 % H2
0.00000E+00 0.00000E+00 % He4
0.00000E+00 0.00000E+00 % He6
0.00000E+00 0.00000E+00 % Li6
0.00000E+00 0.00000E+00 % Li8
0.00000E+00 0.00000E+00 % lost data
3.19993E-12 1.53338E+00 % total
];

MAT_fuelsalt2_GSRC = [
0.00000E+00 0.00000E+00 % Li7
0.00000E+00 0.00000E+00 % Be9
0.00000E+00 0.00000E+00 % F19
2.34512E-02 1.12377E+10 % Th232
0.00000E+00 0.00000E+00 % U233
0.00000E+00 0.00000E+00 % H1
0.00000E+00 0.00000E+00 % H2
0.00000E+00 0.00000E+00 % He4
0.00000E+00 0.00000E+00 % He6
0.00000E+00 0.00000E+00 % Li6
0.00000E+00 0.00000E+00 % Li8
0.00000E+00 0.00000E+00 % lost data
2.34512E-02 1.12377E+10 % total
];

MAT_fuelsalt2_ING_TOX = [
0.00000E+00 0.00000E+00 % Li7
0.00000E+00 0.00000E+00 % Be9
0.00000E+00 0.00000E+00 % F19
7.35983E-08 3.52677E+04 % Th232
2.01526E-05 1.43784E+07 % U233
0.00000E+00 0.00000E+00 % H1
0.00000E+00 0.00000E+00 % H2
0.00000E+00 0.00000E+00 % He4
0.00000E+00 0.00000E+00 % He6
0.00000E+00 0.00000E+00 % Li6
0.00000E+00 0.00000E+00 % Li8
0.00000E+00 0.00000E+00 % lost data
2.02262E-05 1.44137E+07 % total
];

MAT_fuelsalt2_INH_TOX = [
0.00000E+00 0.00000E+00 % Li7
0.00000E+00 0.00000E+00 % Be9
0.00000E+00 0.00000E+00 % F19
3.51992E-05 1.68672E+07 % Th232
3.79344E-03 2.70652E+09 % U233
0.00000E+00 0.00000E+00 % H1
0.00000E+00 0.00000E+00 % H2
0.00000E+00 0.00000E+00 % He4
0.00000E+00 0.00000E+00 % He6
0.00000E+00 0.00000E+00 % Li6
0.00000E+00 0.00000E+00 % Li8
0.00000E+00 0.00000E+00 % lost data
3.82864E-03 2.72339E+09 % total
];

MAT_fuelsalt999_VOLUME = [ 2.28000E+07 2.28000E+07 ];

MAT_fuelsalt999_BURNUP = [ 0.00000E+00 0.00000E+00 ];

