
ZAI = [
30070
40090
90190
902320
922330
10010
10020
20040
20060
30060
30080
666
0
];

NAMES = [
'Li7             '
'Be9             '
'F19             '
'Th232           '
'U233            '
'H1              '
'H2              '
'He4             '
'He6             '
'Li6             '
'Li8             '
'lost            '
'total           '
];

i30070  = 1; iLi7              = 1;
i40090  = 2; iBe9              = 2;
i90190  = 3; iF19              = 3;
i902320 = 4; iTh232            = 4;
i922330 = 5; iU233             = 5;
i10010  = 6; iH1               = 6;
i10020  = 7; iH2               = 7;
i20040  = 8; iHe4              = 8;
i20060  = 9; iHe6              = 9;
i30060  = 10; iLi6              = 10;
i30080  = 11; iLi8              = 11;
iLOST    = 12;
iTOT     = 13;

MAT_fuelsalt0_VOLUME = [ 2.59000E+07 2.59000E+07 ];

MAT_fuelsalt0_BURNUP = [ 0.00000E+00 0.00000E+00 ];

MAT_fuelsalt0_ADENS = [
2.26425E-02 4.72568E-14 % Li7
5.04920E-03 1.05325E-14 % Be9
4.82086E-02 1.00498E-13 % F19
3.78691E-03 7.90565E-15 % Th232
7.88933E-05 1.10146E-16 % U233
2.51226E-13 5.23725E-25 % H1
9.76362E-15 2.03754E-26 % H2
2.48364E-11 2.01283E-15 % He4
8.39772E-16 0.00000E+00 % He6
1.08741E-12 9.75606E-17 % Li6
8.10050E-15 0.00000E+00 % Li8
1.30691E-15 1.36137E-15 % lost data
7.97661E-02 1.68414E-13 % total
];

MAT_fuelsalt0_MDENS = [
2.63798E-01 5.50568E-13 % Li7
7.55630E-02 1.57623E-13 % Be9
1.52087E+00 3.17049E-12 % F19
1.45915E+00 3.04616E-12 % Th232
3.05299E-02 4.26240E-14 % U233
4.20441E-13 8.76486E-25 % H1
3.26549E-14 6.81464E-26 % H2
1.65077E-10 1.33784E-14 % He4
8.39332E-15 0.00000E+00 % He6
1.08616E-11 9.74485E-16 % Li6
1.07914E-13 0.00000E+00 % Li8
0.00000E+00 0.00000E+00 % lost data
3.34992E+00 6.98182E-12 % total
];

MAT_fuelsalt0_A = [
0.00000E+00 0.00000E+00 % Li7
0.00000E+00 0.00000E+00 % Be9
0.00000E+00 0.00000E+00 % F19
1.53331E+11 3.20098E-01 % Th232
2.81916E+14 3.93593E+02 % U233
0.00000E+00 0.00000E+00 % H1
0.00000E+00 0.00000E+00 % H2
0.00000E+00 0.00000E+00 % He4
1.86885E+16 0.00000E+00 % He6
0.00000E+00 0.00000E+00 % Li6
1.73145E+17 0.00000E+00 % Li8
0.00000E+00 0.00000E+00 % lost data
1.92115E+17 3.93913E+02 % total
];

MAT_fuelsalt0_H = [
0.00000E+00 0.00000E+00 % Li7
0.00000E+00 0.00000E+00 % Be9
0.00000E+00 0.00000E+00 % F19
1.00179E-01 2.09135E-13 % Th232
2.21708E+02 3.09535E-10 % U233
0.00000E+00 0.00000E+00 % H1
0.00000E+00 0.00000E+00 % H2
0.00000E+00 0.00000E+00 % He4
7.00312E+03 0.00000E+00 % He6
0.00000E+00 0.00000E+00 % Li6
3.34909E+05 0.00000E+00 % Li8
0.00000E+00 0.00000E+00 % lost data
3.42134E+05 3.09744E-10 % total
];

MAT_fuelsalt0_SF = [
0.00000E+00 0.00000E+00 % Li7
0.00000E+00 0.00000E+00 % Be9
0.00000E+00 0.00000E+00 % F19
1.53331E+00 3.20098E-12 % Th232
0.00000E+00 0.00000E+00 % U233
0.00000E+00 0.00000E+00 % H1
0.00000E+00 0.00000E+00 % H2
0.00000E+00 0.00000E+00 % He4
0.00000E+00 0.00000E+00 % He6
0.00000E+00 0.00000E+00 % Li6
0.00000E+00 0.00000E+00 % Li8
0.00000E+00 0.00000E+00 % lost data
1.53331E+00 3.20098E-12 % total
];

MAT_fuelsalt0_GSRC = [
0.00000E+00 0.00000E+00 % Li7
0.00000E+00 0.00000E+00 % Be9
0.00000E+00 0.00000E+00 % F19
1.12372E+10 2.34589E-02 % Th232
0.00000E+00 0.00000E+00 % U233
0.00000E+00 0.00000E+00 % H1
0.00000E+00 0.00000E+00 % H2
0.00000E+00 0.00000E+00 % He4
0.00000E+00 0.00000E+00 % He6
0.00000E+00 0.00000E+00 % Li6
0.00000E+00 0.00000E+00 % Li8
0.00000E+00 0.00000E+00 % lost data
1.12372E+10 2.34589E-02 % total
];

MAT_fuelsalt0_ING_TOX = [
0.00000E+00 0.00000E+00 % Li7
0.00000E+00 0.00000E+00 % Be9
0.00000E+00 0.00000E+00 % F19
3.52662E+04 7.36225E-08 % Th232
1.43777E+07 2.00732E-05 % U233
0.00000E+00 0.00000E+00 % H1
0.00000E+00 0.00000E+00 % H2
0.00000E+00 0.00000E+00 % He4
0.00000E+00 0.00000E+00 % He6
0.00000E+00 0.00000E+00 % Li6
0.00000E+00 0.00000E+00 % Li8
0.00000E+00 0.00000E+00 % lost data
1.44130E+07 2.01469E-05 % total
];

MAT_fuelsalt0_INH_TOX = [
0.00000E+00 0.00000E+00 % Li7
0.00000E+00 0.00000E+00 % Be9
0.00000E+00 0.00000E+00 % F19
1.68664E+07 3.52107E-05 % Th232
2.70639E+09 3.77849E-03 % U233
0.00000E+00 0.00000E+00 % H1
0.00000E+00 0.00000E+00 % H2
0.00000E+00 0.00000E+00 % He4
0.00000E+00 0.00000E+00 % He6
0.00000E+00 0.00000E+00 % Li6
0.00000E+00 0.00000E+00 % Li8
0.00000E+00 0.00000E+00 % lost data
2.72326E+09 3.81370E-03 % total
];

MAT_fuelsalt2_VOLUME = [ 2.59000E+07 2.59000E+07 ];

MAT_fuelsalt2_BURNUP = [ 0.00000E+00 0.00000E+00 ];

MAT_fuelsalt2_ADENS = [
4.73451E-14 2.26438E-02 % Li7
1.05492E-14 5.04948E-03 % Be9
1.00806E-13 4.82113E-02 % F19
7.91878E-15 3.78712E-03 % Th232
1.10658E-16 7.88980E-05 % U233
2.02896E-25 9.22834E-14 % H1
9.34624E-27 4.39173E-15 % H2
2.00690E-15 9.64349E-12 % He4
0.00000E+00 8.40286E-16 % He6
1.00598E-16 4.24955E-13 % Li6
0.00000E+00 8.09067E-15 % Li8
1.30693E-15 1.36139E-15 % lost data
1.68837E-13 7.97706E-02 % total
];

MAT_fuelsalt2_MDENS = [
5.51596E-13 2.63812E-01 % Li7
1.57872E-13 7.55673E-02 % Be9
3.18021E-12 1.52096E+00 % F19
3.05123E-12 1.45924E+00 % Th232
4.28223E-14 3.05318E-02 % U233
3.39559E-25 1.54442E-13 % H1
3.12589E-26 1.46884E-14 % H2
1.33391E-14 6.40963E-11 % He4
0.00000E+00 8.39846E-15 % He6
1.00483E-15 4.24467E-12 % Li6
0.00000E+00 1.07783E-13 % Li8
0.00000E+00 0.00000E+00 % lost data
6.99807E-12 3.35010E+00 % total
];

MAT_fuelsalt2_A = [
0.00000E+00 0.00000E+00 % Li7
0.00000E+00 0.00000E+00 % Be9
0.00000E+00 0.00000E+00 % F19
3.20630E-01 1.53340E+11 % Th232
3.95424E+02 2.81933E+14 % U233
0.00000E+00 0.00000E+00 % H1
0.00000E+00 0.00000E+00 % H2
0.00000E+00 0.00000E+00 % He4
0.00000E+00 1.86999E+16 % He6
0.00000E+00 0.00000E+00 % Li6
0.00000E+00 1.72935E+17 % Li8
0.00000E+00 0.00000E+00 % lost data
3.95745E+02 1.91917E+17 % total
];

MAT_fuelsalt2_H = [
0.00000E+00 0.00000E+00 % Li7
0.00000E+00 0.00000E+00 % Be9
0.00000E+00 0.00000E+00 % F19
2.09483E-13 1.00184E-01 % Th232
3.10975E-10 2.21721E+02 % U233
0.00000E+00 0.00000E+00 % H1
0.00000E+00 0.00000E+00 % H2
0.00000E+00 0.00000E+00 % He4
0.00000E+00 7.00741E+03 % He6
0.00000E+00 0.00000E+00 % Li6
0.00000E+00 3.34502E+05 % Li8
0.00000E+00 0.00000E+00 % lost data
3.11184E-10 3.41732E+05 % total
];

MAT_fuelsalt2_SF = [
0.00000E+00 0.00000E+00 % Li7
0.00000E+00 0.00000E+00 % Be9
0.00000E+00 0.00000E+00 % F19
3.20630E-12 1.53340E+00 % Th232
0.00000E+00 0.00000E+00 % U233
0.00000E+00 0.00000E+00 % H1
0.00000E+00 0.00000E+00 % H2
0.00000E+00 0.00000E+00 % He4
0.00000E+00 0.00000E+00 % He6
0.00000E+00 0.00000E+00 % Li6
0.00000E+00 0.00000E+00 % Li8
0.00000E+00 0.00000E+00 % lost data
3.20630E-12 1.53340E+00 % total
];

MAT_fuelsalt2_GSRC = [
0.00000E+00 0.00000E+00 % Li7
0.00000E+00 0.00000E+00 % Be9
0.00000E+00 0.00000E+00 % F19
2.34979E-02 1.12378E+10 % Th232
0.00000E+00 0.00000E+00 % U233
0.00000E+00 0.00000E+00 % H1
0.00000E+00 0.00000E+00 % H2
0.00000E+00 0.00000E+00 % He4
0.00000E+00 0.00000E+00 % He6
0.00000E+00 0.00000E+00 % Li6
0.00000E+00 0.00000E+00 % Li8
0.00000E+00 0.00000E+00 % lost data
2.34979E-02 1.12378E+10 % total
];

MAT_fuelsalt2_ING_TOX = [
0.00000E+00 0.00000E+00 % Li7
0.00000E+00 0.00000E+00 % Be9
0.00000E+00 0.00000E+00 % F19
7.37448E-08 3.52681E+04 % Th232
2.01666E-05 1.43786E+07 % U233
0.00000E+00 0.00000E+00 % H1
0.00000E+00 0.00000E+00 % H2
0.00000E+00 0.00000E+00 % He4
0.00000E+00 0.00000E+00 % He6
0.00000E+00 0.00000E+00 % Li6
0.00000E+00 0.00000E+00 % Li8
0.00000E+00 0.00000E+00 % lost data
2.02404E-05 1.44138E+07 % total
];

MAT_fuelsalt2_INH_TOX = [
0.00000E+00 0.00000E+00 % Li7
0.00000E+00 0.00000E+00 % Be9
0.00000E+00 0.00000E+00 % F19
3.52693E-05 1.68674E+07 % Th232
3.79607E-03 2.70655E+09 % U233
0.00000E+00 0.00000E+00 % H1
0.00000E+00 0.00000E+00 % H2
0.00000E+00 0.00000E+00 % He4
0.00000E+00 0.00000E+00 % He6
0.00000E+00 0.00000E+00 % Li6
0.00000E+00 0.00000E+00 % Li8
0.00000E+00 0.00000E+00 % lost data
3.83134E-03 2.72342E+09 % total
];

MAT_fuelsalt999_VOLUME = [ 2.28000E+07 2.28000E+07 ];

MAT_fuelsalt999_BURNUP = [ 0.00000E+00 0.00000E+00 ];

