
ZAI = [
30070
40090
90190
902320
922330
10010
10020
20040
20060
30060
30080
666
0
];

NAMES = [
'Li7             '
'Be9             '
'F19             '
'Th232           '
'U233            '
'H1              '
'H2              '
'He4             '
'He6             '
'Li6             '
'Li8             '
'lost            '
'total           '
];

i30070  = 1; iLi7              = 1;
i40090  = 2; iBe9              = 2;
i90190  = 3; iF19              = 3;
i902320 = 4; iTh232            = 4;
i922330 = 5; iU233             = 5;
i10010  = 6; iH1               = 6;
i10020  = 7; iH2               = 7;
i20040  = 8; iHe4              = 8;
i20060  = 9; iHe6              = 9;
i30060  = 10; iLi6              = 10;
i30080  = 11; iLi8              = 11;
iLOST    = 12;
iTOT     = 13;

MAT_fuelsalt0_VOLUME = [ 2.59000E+07 2.59000E+07 ];

MAT_fuelsalt0_BURNUP = [ 0.00000E+00 0.00000E+00 ];

MAT_fuelsalt0_ADENS = [
2.26430E-02 4.73956E-14 % Li7
5.04930E-03 1.05800E-14 % Be9
4.82096E-02 1.01196E-13 % F19
3.78699E-03 7.93226E-15 % Th232
7.88952E-05 1.10891E-16 % U233
9.99723E-14 2.09651E-25 % H1
3.95885E-15 8.29937E-27 % H2
1.01066E-11 2.01195E-15 % He4
8.43302E-16 0.00000E+00 % He6
4.39947E-13 9.79707E-17 % Li6
8.09685E-15 0.00000E+00 % Li8
6.53460E-16 7.07915E-16 % lost data
7.97677E-02 1.69325E-13 % total
];

MAT_fuelsalt0_MDENS = [
2.63803E-01 5.52184E-13 % Li7
7.55646E-02 1.58333E-13 % Be9
1.52090E+00 3.19251E-12 % F19
1.45918E+00 3.05642E-12 % Th232
3.05307E-02 4.29124E-14 % U233
1.67310E-13 3.50864E-25 % H1
1.32406E-14 2.77576E-26 % H2
6.71744E-11 1.33726E-14 % He4
8.42860E-15 0.00000E+00 % He6
4.39441E-12 9.78581E-16 % Li6
1.07865E-13 0.00000E+00 % Li8
0.00000E+00 0.00000E+00 % lost data
3.34999E+00 7.01671E-12 % total
];

MAT_fuelsalt0_A = [
0.00000E+00 0.00000E+00 % Li7
0.00000E+00 0.00000E+00 % Be9
0.00000E+00 0.00000E+00 % F19
1.53334E+11 3.21175E-01 % Th232
2.81923E+14 3.96256E+02 % U233
0.00000E+00 0.00000E+00 % H1
0.00000E+00 0.00000E+00 % H2
0.00000E+00 0.00000E+00 % He4
1.87671E+16 0.00000E+00 % He6
0.00000E+00 0.00000E+00 % Li6
1.73067E+17 0.00000E+00 % Li8
0.00000E+00 0.00000E+00 % lost data
1.92116E+17 3.96577E+02 % total
];

MAT_fuelsalt0_H = [
0.00000E+00 0.00000E+00 % Li7
0.00000E+00 0.00000E+00 % Be9
0.00000E+00 0.00000E+00 % F19
1.00181E-01 2.09840E-13 % Th232
2.21713E+02 3.11629E-10 % U233
0.00000E+00 0.00000E+00 % H1
0.00000E+00 0.00000E+00 % H2
0.00000E+00 0.00000E+00 % He4
7.03256E+03 0.00000E+00 % He6
0.00000E+00 0.00000E+00 % Li6
3.34758E+05 0.00000E+00 % Li8
0.00000E+00 0.00000E+00 % lost data
3.42012E+05 3.11838E-10 % total
];

MAT_fuelsalt0_SF = [
0.00000E+00 0.00000E+00 % Li7
0.00000E+00 0.00000E+00 % Be9
0.00000E+00 0.00000E+00 % F19
1.53334E+00 3.21175E-12 % Th232
0.00000E+00 0.00000E+00 % U233
0.00000E+00 0.00000E+00 % H1
0.00000E+00 0.00000E+00 % H2
0.00000E+00 0.00000E+00 % He4
0.00000E+00 0.00000E+00 % He6
0.00000E+00 0.00000E+00 % Li6
0.00000E+00 0.00000E+00 % Li8
0.00000E+00 0.00000E+00 % lost data
1.53334E+00 3.21175E-12 % total
];

MAT_fuelsalt0_GSRC = [
0.00000E+00 0.00000E+00 % Li7
0.00000E+00 0.00000E+00 % Be9
0.00000E+00 0.00000E+00 % F19
1.12374E+10 2.35379E-02 % Th232
0.00000E+00 0.00000E+00 % U233
0.00000E+00 0.00000E+00 % H1
0.00000E+00 0.00000E+00 % H2
0.00000E+00 0.00000E+00 % He4
0.00000E+00 0.00000E+00 % He6
0.00000E+00 0.00000E+00 % Li6
0.00000E+00 0.00000E+00 % Li8
0.00000E+00 0.00000E+00 % lost data
1.12374E+10 2.35379E-02 % total
];

MAT_fuelsalt0_ING_TOX = [
0.00000E+00 0.00000E+00 % Li7
0.00000E+00 0.00000E+00 % Be9
0.00000E+00 0.00000E+00 % F19
3.52669E+04 7.38704E-08 % Th232
1.43780E+07 2.02090E-05 % U233
0.00000E+00 0.00000E+00 % H1
0.00000E+00 0.00000E+00 % H2
0.00000E+00 0.00000E+00 % He4
0.00000E+00 0.00000E+00 % He6
0.00000E+00 0.00000E+00 % Li6
0.00000E+00 0.00000E+00 % Li8
0.00000E+00 0.00000E+00 % lost data
1.44133E+07 2.02829E-05 % total
];

MAT_fuelsalt0_INH_TOX = [
0.00000E+00 0.00000E+00 % Li7
0.00000E+00 0.00000E+00 % Be9
0.00000E+00 0.00000E+00 % F19
1.68668E+07 3.53293E-05 % Th232
2.70646E+09 3.80405E-03 % U233
0.00000E+00 0.00000E+00 % H1
0.00000E+00 0.00000E+00 % H2
0.00000E+00 0.00000E+00 % He4
0.00000E+00 0.00000E+00 % He6
0.00000E+00 0.00000E+00 % Li6
0.00000E+00 0.00000E+00 % Li8
0.00000E+00 0.00000E+00 % lost data
2.72332E+09 3.83938E-03 % total
];

MAT_fuelsalt2_VOLUME = [ 2.59000E+07 2.59000E+07 ];

MAT_fuelsalt2_BURNUP = [ 0.00000E+00 0.00000E+00 ];

MAT_fuelsalt2_ADENS = [
4.75007E-14 2.26433E-02 % Li7
1.05811E-14 5.04936E-03 % Be9
1.00942E-13 4.82101E-02 % F19
7.93262E-15 3.78704E-03 % Th232
1.11130E-16 7.88962E-05 % U233
1.29188E-25 7.21048E-14 % H1
5.69472E-27 3.23397E-15 % H2
2.01828E-15 7.39852E-12 % He4
0.00000E+00 8.36227E-16 % He6
9.51846E-17 3.22707E-13 % Li6
0.00000E+00 8.11349E-15 % Li8
6.53465E-16 7.07920E-16 % lost data
1.69181E-13 7.97687E-02 % total
];

MAT_fuelsalt2_MDENS = [
5.53409E-13 2.63806E-01 % Li7
1.58349E-13 7.55655E-02 % Be9
3.18450E-12 1.52092E+00 % F19
3.05656E-12 1.45920E+00 % Th232
4.30049E-14 3.05311E-02 % U233
2.16203E-25 1.20672E-13 % H1
1.90463E-26 1.08162E-14 % H2
1.34147E-14 4.91749E-11 % He4
0.00000E+00 8.35789E-15 % He6
9.50752E-16 3.22336E-12 % Li6
0.00000E+00 1.08087E-13 % Li8
0.00000E+00 0.00000E+00 % lost data
7.01018E-12 3.35003E+00 % total
];

MAT_fuelsalt2_A = [
0.00000E+00 0.00000E+00 % Li7
0.00000E+00 0.00000E+00 % Be9
0.00000E+00 0.00000E+00 % F19
3.21190E-01 1.53336E+11 % Th232
3.97111E+02 2.81926E+14 % U233
0.00000E+00 0.00000E+00 % H1
0.00000E+00 0.00000E+00 % H2
0.00000E+00 0.00000E+00 % He4
0.00000E+00 1.86096E+16 % He6
0.00000E+00 0.00000E+00 % Li6
0.00000E+00 1.73422E+17 % Li8
0.00000E+00 0.00000E+00 % lost data
3.97432E+02 1.92314E+17 % total
];

MAT_fuelsalt2_H = [
0.00000E+00 0.00000E+00 % Li7
0.00000E+00 0.00000E+00 % Be9
0.00000E+00 0.00000E+00 % F19
2.09849E-13 1.00182E-01 % Th232
3.12301E-10 2.21716E+02 % U233
0.00000E+00 0.00000E+00 % H1
0.00000E+00 0.00000E+00 % H2
0.00000E+00 0.00000E+00 % He4
0.00000E+00 6.97356E+03 % He6
0.00000E+00 0.00000E+00 % Li6
0.00000E+00 3.35446E+05 % Li8
0.00000E+00 0.00000E+00 % lost data
3.12511E-10 3.42641E+05 % total
];

MAT_fuelsalt2_SF = [
0.00000E+00 0.00000E+00 % Li7
0.00000E+00 0.00000E+00 % Be9
0.00000E+00 0.00000E+00 % F19
3.21190E-12 1.53336E+00 % Th232
0.00000E+00 0.00000E+00 % U233
0.00000E+00 0.00000E+00 % H1
0.00000E+00 0.00000E+00 % H2
0.00000E+00 0.00000E+00 % He4
0.00000E+00 0.00000E+00 % He6
0.00000E+00 0.00000E+00 % Li6
0.00000E+00 0.00000E+00 % Li8
0.00000E+00 0.00000E+00 % lost data
3.21190E-12 1.53336E+00 % total
];

MAT_fuelsalt2_GSRC = [
0.00000E+00 0.00000E+00 % Li7
0.00000E+00 0.00000E+00 % Be9
0.00000E+00 0.00000E+00 % F19
2.35390E-02 1.12375E+10 % Th232
0.00000E+00 0.00000E+00 % U233
0.00000E+00 0.00000E+00 % H1
0.00000E+00 0.00000E+00 % H2
0.00000E+00 0.00000E+00 % He4
0.00000E+00 0.00000E+00 % He6
0.00000E+00 0.00000E+00 % Li6
0.00000E+00 0.00000E+00 % Li8
0.00000E+00 0.00000E+00 % lost data
2.35390E-02 1.12375E+10 % total
];

MAT_fuelsalt2_ING_TOX = [
0.00000E+00 0.00000E+00 % Li7
0.00000E+00 0.00000E+00 % Be9
0.00000E+00 0.00000E+00 % F19
7.38736E-08 3.52673E+04 % Th232
2.02526E-05 1.43782E+07 % U233
0.00000E+00 0.00000E+00 % H1
0.00000E+00 0.00000E+00 % H2
0.00000E+00 0.00000E+00 % He4
0.00000E+00 0.00000E+00 % He6
0.00000E+00 0.00000E+00 % Li6
0.00000E+00 0.00000E+00 % Li8
0.00000E+00 0.00000E+00 % lost data
2.03265E-05 1.44135E+07 % total
];

MAT_fuelsalt2_INH_TOX = [
0.00000E+00 0.00000E+00 % Li7
0.00000E+00 0.00000E+00 % Be9
0.00000E+00 0.00000E+00 % F19
3.53309E-05 1.68670E+07 % Th232
3.81226E-03 2.70649E+09 % U233
0.00000E+00 0.00000E+00 % H1
0.00000E+00 0.00000E+00 % H2
0.00000E+00 0.00000E+00 % He4
0.00000E+00 0.00000E+00 % He6
0.00000E+00 0.00000E+00 % Li6
0.00000E+00 0.00000E+00 % Li8
0.00000E+00 0.00000E+00 % lost data
3.84759E-03 2.72336E+09 % total
];

MAT_fuelsalt999_VOLUME = [ 2.28000E+07 2.28000E+07 ];

MAT_fuelsalt999_BURNUP = [ 0.00000E+00 0.00000E+00 ];

