
ZAI = [
30070
40090
90190
902320
922330
10010
10020
20040
20060
30060
30080
666
0
];

NAMES = [
'Li7             '
'Be9             '
'F19             '
'Th232           '
'U233            '
'H1              '
'H2              '
'He4             '
'He6             '
'Li6             '
'Li8             '
'lost            '
'total           '
];

i30070  = 1; iLi7              = 1;
i40090  = 2; iBe9              = 2;
i90190  = 3; iF19              = 3;
i902320 = 4; iTh232            = 4;
i922330 = 5; iU233             = 5;
i10010  = 6; iH1               = 6;
i10020  = 7; iH2               = 7;
i20040  = 8; iHe4              = 8;
i20060  = 9; iHe6              = 9;
i30060  = 10; iLi6              = 10;
i30080  = 11; iLi8              = 11;
iLOST    = 12;
iTOT     = 13;

MAT_fuelsalt0_VOLUME = [ 2.59000E+07 2.59000E+07 ];

MAT_fuelsalt0_BURNUP = [ 0.00000E+00 0.00000E+00 ];

MAT_fuelsalt0_ADENS = [
2.26396E-02 4.70877E-14 % Li7
5.04854E-03 1.04928E-14 % Be9
4.82023E-02 1.00142E-13 % F19
3.78642E-03 7.86596E-15 % Th232
7.88820E-05 1.09756E-16 % U233
7.09559E-13 1.47381E-24 % H1
2.65577E-14 5.51605E-26 % H2
6.97259E-11 2.01580E-15 % He4
8.38132E-16 0.00000E+00 % He6
3.05296E-12 9.73701E-17 % Li6
8.11281E-15 0.00000E+00 % Li8
2.06922E-15 2.12367E-15 % lost data
7.97557E-02 1.67811E-13 % total
];

MAT_fuelsalt0_MDENS = [
2.63763E-01 5.48597E-13 % Li7
7.55532E-02 1.57029E-13 % Be9
1.52067E+00 3.15925E-12 % F19
1.45896E+00 3.03087E-12 % Th232
3.05256E-02 4.24732E-14 % U233
1.18749E-12 2.46650E-24 % H1
8.88236E-14 1.84487E-25 % H2
4.63439E-10 1.33982E-14 % He4
8.37693E-15 0.00000E+00 % He6
3.04945E-11 9.72582E-16 % Li6
1.08078E-13 0.00000E+00 % Li8
0.00000E+00 0.00000E+00 % lost data
3.34948E+00 6.95259E-12 % total
];

MAT_fuelsalt0_A = [
0.00000E+00 0.00000E+00 % Li7
0.00000E+00 0.00000E+00 % Be9
0.00000E+00 0.00000E+00 % F19
1.53311E+11 3.18491E-01 % Th232
2.81875E+14 3.92200E+02 % U233
0.00000E+00 0.00000E+00 % H1
0.00000E+00 0.00000E+00 % H2
0.00000E+00 0.00000E+00 % He4
1.86520E+16 0.00000E+00 % He6
0.00000E+00 0.00000E+00 % Li6
1.73408E+17 0.00000E+00 % Li8
0.00000E+00 0.00000E+00 % lost data
1.92342E+17 3.92519E+02 % total
];

MAT_fuelsalt0_H = [
0.00000E+00 0.00000E+00 % Li7
0.00000E+00 0.00000E+00 % Be9
0.00000E+00 0.00000E+00 % F19
1.00166E-01 2.08086E-13 % Th232
2.21676E+02 3.08439E-10 % U233
0.00000E+00 0.00000E+00 % H1
0.00000E+00 0.00000E+00 % H2
0.00000E+00 0.00000E+00 % He4
6.98945E+03 0.00000E+00 % He6
0.00000E+00 0.00000E+00 % Li6
3.35417E+05 0.00000E+00 % Li8
0.00000E+00 0.00000E+00 % lost data
3.42629E+05 3.08647E-10 % total
];

MAT_fuelsalt0_SF = [
0.00000E+00 0.00000E+00 % Li7
0.00000E+00 0.00000E+00 % Be9
0.00000E+00 0.00000E+00 % F19
1.53311E+00 3.18491E-12 % Th232
0.00000E+00 0.00000E+00 % U233
0.00000E+00 0.00000E+00 % H1
0.00000E+00 0.00000E+00 % H2
0.00000E+00 0.00000E+00 % He4
0.00000E+00 0.00000E+00 % He6
0.00000E+00 0.00000E+00 % Li6
0.00000E+00 0.00000E+00 % Li8
0.00000E+00 0.00000E+00 % lost data
1.53311E+00 3.18491E-12 % total
];

MAT_fuelsalt0_GSRC = [
0.00000E+00 0.00000E+00 % Li7
0.00000E+00 0.00000E+00 % Be9
0.00000E+00 0.00000E+00 % F19
1.12357E+10 2.33412E-02 % Th232
0.00000E+00 0.00000E+00 % U233
0.00000E+00 0.00000E+00 % H1
0.00000E+00 0.00000E+00 % H2
0.00000E+00 0.00000E+00 % He4
0.00000E+00 0.00000E+00 % He6
0.00000E+00 0.00000E+00 % Li6
0.00000E+00 0.00000E+00 % Li8
0.00000E+00 0.00000E+00 % lost data
1.12357E+10 2.33412E-02 % total
];

MAT_fuelsalt0_ING_TOX = [
0.00000E+00 0.00000E+00 % Li7
0.00000E+00 0.00000E+00 % Be9
0.00000E+00 0.00000E+00 % F19
3.52616E+04 7.32529E-08 % Th232
1.43756E+07 2.00022E-05 % U233
0.00000E+00 0.00000E+00 % H1
0.00000E+00 0.00000E+00 % H2
0.00000E+00 0.00000E+00 % He4
0.00000E+00 0.00000E+00 % He6
0.00000E+00 0.00000E+00 % Li6
0.00000E+00 0.00000E+00 % Li8
0.00000E+00 0.00000E+00 % lost data
1.44109E+07 2.00755E-05 % total
];

MAT_fuelsalt0_INH_TOX = [
0.00000E+00 0.00000E+00 % Li7
0.00000E+00 0.00000E+00 % Be9
0.00000E+00 0.00000E+00 % F19
1.68642E+07 3.50340E-05 % Th232
2.70600E+09 3.76512E-03 % U233
0.00000E+00 0.00000E+00 % H1
0.00000E+00 0.00000E+00 % H2
0.00000E+00 0.00000E+00 % He4
0.00000E+00 0.00000E+00 % He6
0.00000E+00 0.00000E+00 % Li6
0.00000E+00 0.00000E+00 % Li8
0.00000E+00 0.00000E+00 % lost data
2.72287E+09 3.80016E-03 % total
];

MAT_fuelsalt2_VOLUME = [ 2.59000E+07 2.59000E+07 ];

MAT_fuelsalt2_BURNUP = [ 0.00000E+00 0.00000E+00 ];

MAT_fuelsalt2_ADENS = [
4.70563E-14 2.26471E-02 % Li7
1.04785E-14 5.05023E-03 % Be9
1.00322E-13 4.82184E-02 % F19
7.86668E-15 3.78768E-03 % Th232
1.09585E-16 7.89104E-05 % U233
0.00000E+00 0.00000E+00 % H1
0.00000E+00 0.00000E+00 % H2
2.01659E-15 1.19692E-13 % He4
0.00000E+00 8.46794E-16 % He6
9.59725E-17 6.52650E-15 % Li6
0.00000E+00 8.10635E-15 % Li8
2.06936E-15 2.12383E-15 % lost data
1.67945E-13 7.97823E-02 % total
];

MAT_fuelsalt2_MDENS = [
5.48231E-13 2.63851E-01 % Li7
1.56814E-13 7.55784E-02 % Be9
3.16493E-12 1.52118E+00 % F19
3.03115E-12 1.45945E+00 % Th232
4.24071E-14 3.05366E-02 % U233
0.00000E+00 0.00000E+00 % H1
0.00000E+00 0.00000E+00 % H2
1.34035E-14 7.95546E-13 % He4
0.00000E+00 8.46350E-15 % He6
9.58622E-16 6.51900E-14 % Li6
0.00000E+00 1.07992E-13 % Li8
0.00000E+00 0.00000E+00 % lost data
6.95789E-12 3.35060E+00 % total
];

MAT_fuelsalt2_A = [
0.00000E+00 0.00000E+00 % Li7
0.00000E+00 0.00000E+00 % Be9
0.00000E+00 0.00000E+00 % F19
3.18520E-01 1.53362E+11 % Th232
3.91590E+02 2.81977E+14 % U233
0.00000E+00 0.00000E+00 % H1
0.00000E+00 0.00000E+00 % H2
0.00000E+00 0.00000E+00 % He4
0.00000E+00 1.88448E+16 % He6
0.00000E+00 0.00000E+00 % Li6
0.00000E+00 1.73270E+17 % Li8
0.00000E+00 0.00000E+00 % lost data
3.91909E+02 1.92397E+17 % total
];

MAT_fuelsalt2_H = [
0.00000E+00 0.00000E+00 % Li7
0.00000E+00 0.00000E+00 % Be9
0.00000E+00 0.00000E+00 % F19
2.08105E-13 1.00199E-01 % Th232
3.07959E-10 2.21756E+02 % U233
0.00000E+00 0.00000E+00 % H1
0.00000E+00 0.00000E+00 % H2
0.00000E+00 0.00000E+00 % He4
0.00000E+00 7.06168E+03 % He6
0.00000E+00 0.00000E+00 % Li6
0.00000E+00 3.35151E+05 % Li8
0.00000E+00 0.00000E+00 % lost data
3.08168E-10 3.42434E+05 % total
];

MAT_fuelsalt2_SF = [
0.00000E+00 0.00000E+00 % Li7
0.00000E+00 0.00000E+00 % Be9
0.00000E+00 0.00000E+00 % F19
3.18520E-12 1.53362E+00 % Th232
0.00000E+00 0.00000E+00 % U233
0.00000E+00 0.00000E+00 % H1
0.00000E+00 0.00000E+00 % H2
0.00000E+00 0.00000E+00 % He4
0.00000E+00 0.00000E+00 % He6
0.00000E+00 0.00000E+00 % Li6
0.00000E+00 0.00000E+00 % Li8
0.00000E+00 0.00000E+00 % lost data
3.18520E-12 1.53362E+00 % total
];

MAT_fuelsalt2_GSRC = [
0.00000E+00 0.00000E+00 % Li7
0.00000E+00 0.00000E+00 % Be9
0.00000E+00 0.00000E+00 % F19
2.33433E-02 1.12394E+10 % Th232
0.00000E+00 0.00000E+00 % U233
0.00000E+00 0.00000E+00 % H1
0.00000E+00 0.00000E+00 % H2
0.00000E+00 0.00000E+00 % He4
0.00000E+00 0.00000E+00 % He6
0.00000E+00 0.00000E+00 % Li6
0.00000E+00 0.00000E+00 % Li8
0.00000E+00 0.00000E+00 % lost data
2.33433E-02 1.12394E+10 % total
];

MAT_fuelsalt2_ING_TOX = [
0.00000E+00 0.00000E+00 % Li7
0.00000E+00 0.00000E+00 % Be9
0.00000E+00 0.00000E+00 % F19
7.32596E-08 3.52734E+04 % Th232
1.99711E-05 1.43808E+07 % U233
0.00000E+00 0.00000E+00 % H1
0.00000E+00 0.00000E+00 % H2
0.00000E+00 0.00000E+00 % He4
0.00000E+00 0.00000E+00 % He6
0.00000E+00 0.00000E+00 % Li6
0.00000E+00 0.00000E+00 % Li8
0.00000E+00 0.00000E+00 % lost data
2.00444E-05 1.44161E+07 % total
];

MAT_fuelsalt2_INH_TOX = [
0.00000E+00 0.00000E+00 % Li7
0.00000E+00 0.00000E+00 % Be9
0.00000E+00 0.00000E+00 % F19
3.50372E-05 1.68699E+07 % Th232
3.75926E-03 2.70698E+09 % U233
0.00000E+00 0.00000E+00 % H1
0.00000E+00 0.00000E+00 % H2
0.00000E+00 0.00000E+00 % He4
0.00000E+00 0.00000E+00 % He6
0.00000E+00 0.00000E+00 % Li6
0.00000E+00 0.00000E+00 % Li8
0.00000E+00 0.00000E+00 % lost data
3.79430E-03 2.72385E+09 % total
];

MAT_fuelsalt999_VOLUME = [ 2.28000E+07 2.28000E+07 ];

MAT_fuelsalt999_BURNUP = [ 0.00000E+00 0.00000E+00 ];

