
ZAI = [
30070
40090
90190
902320
922330
10010
10020
20040
20060
30060
30080
666
0
];

NAMES = [
'Li7             '
'Be9             '
'F19             '
'Th232           '
'U233            '
'H1              '
'H2              '
'He4             '
'He6             '
'Li6             '
'Li8             '
'lost            '
'total           '
];

i30070  = 1; iLi7              = 1;
i40090  = 2; iBe9              = 2;
i90190  = 3; iF19              = 3;
i902320 = 4; iTh232            = 4;
i922330 = 5; iU233             = 5;
i10010  = 6; iH1               = 6;
i10020  = 7; iH2               = 7;
i20040  = 8; iHe4              = 8;
i20060  = 9; iHe6              = 9;
i30060  = 10; iLi6              = 10;
i30080  = 11; iLi8              = 11;
iLOST    = 12;
iTOT     = 13;

MAT_fuelsalt0_VOLUME = [ 2.59000E+07 2.59000E+07 ];

MAT_fuelsalt0_BURNUP = [ 0.00000E+00 0.00000E+00 ];

MAT_fuelsalt0_ADENS = [
2.26427E-02 4.73113E-14 % Li7
5.04923E-03 1.05613E-14 % Be9
4.82088E-02 1.00560E-13 % F19
3.78693E-03 7.90902E-15 % Th232
7.88938E-05 1.10189E-16 % U233
2.18200E-13 4.56110E-25 % H1
8.49088E-15 1.77365E-26 % H2
2.16749E-11 2.01418E-15 % He4
8.29759E-16 0.00000E+00 % He6
9.48753E-13 9.63973E-17 % Li6
8.10611E-15 0.00000E+00 % Li8
1.19800E-15 1.25246E-15 % lost data
7.97666E-02 1.68562E-13 % total
];

MAT_fuelsalt0_MDENS = [
2.63799E-01 5.51203E-13 % Li7
7.55635E-02 1.58054E-13 % Be9
1.52088E+00 3.17244E-12 % F19
1.45916E+00 3.04746E-12 % Th232
3.05301E-02 4.26406E-14 % U233
3.65171E-13 7.63327E-25 % H1
2.83982E-14 5.93206E-26 % H2
1.44064E-10 1.33875E-14 % He4
8.29324E-15 0.00000E+00 % He6
9.47662E-12 9.62865E-16 % Li6
1.07989E-13 0.00000E+00 % Li8
0.00000E+00 0.00000E+00 % lost data
3.34994E+00 6.98615E-12 % total
];

MAT_fuelsalt0_A = [
0.00000E+00 0.00000E+00 % Li7
0.00000E+00 0.00000E+00 % Be9
0.00000E+00 0.00000E+00 % F19
1.53332E+11 3.20234E-01 % Th232
2.81917E+14 3.93746E+02 % U233
0.00000E+00 0.00000E+00 % H1
0.00000E+00 0.00000E+00 % H2
0.00000E+00 0.00000E+00 % He4
1.84657E+16 0.00000E+00 % He6
0.00000E+00 0.00000E+00 % Li6
1.73265E+17 0.00000E+00 % Li8
0.00000E+00 0.00000E+00 % lost data
1.92012E+17 3.94066E+02 % total
];

MAT_fuelsalt0_H = [
0.00000E+00 0.00000E+00 % Li7
0.00000E+00 0.00000E+00 % Be9
0.00000E+00 0.00000E+00 % F19
1.00179E-01 2.09225E-13 % Th232
2.21709E+02 3.09655E-10 % U233
0.00000E+00 0.00000E+00 % H1
0.00000E+00 0.00000E+00 % H2
0.00000E+00 0.00000E+00 % He4
6.91962E+03 0.00000E+00 % He6
0.00000E+00 0.00000E+00 % Li6
3.35141E+05 0.00000E+00 % Li8
0.00000E+00 0.00000E+00 % lost data
3.42282E+05 3.09864E-10 % total
];

MAT_fuelsalt0_SF = [
0.00000E+00 0.00000E+00 % Li7
0.00000E+00 0.00000E+00 % Be9
0.00000E+00 0.00000E+00 % F19
1.53332E+00 3.20234E-12 % Th232
0.00000E+00 0.00000E+00 % U233
0.00000E+00 0.00000E+00 % H1
0.00000E+00 0.00000E+00 % H2
0.00000E+00 0.00000E+00 % He4
0.00000E+00 0.00000E+00 % He6
0.00000E+00 0.00000E+00 % Li6
0.00000E+00 0.00000E+00 % Li8
0.00000E+00 0.00000E+00 % lost data
1.53332E+00 3.20234E-12 % total
];

MAT_fuelsalt0_GSRC = [
0.00000E+00 0.00000E+00 % Li7
0.00000E+00 0.00000E+00 % Be9
0.00000E+00 0.00000E+00 % F19
1.12372E+10 2.34690E-02 % Th232
0.00000E+00 0.00000E+00 % U233
0.00000E+00 0.00000E+00 % H1
0.00000E+00 0.00000E+00 % H2
0.00000E+00 0.00000E+00 % He4
0.00000E+00 0.00000E+00 % He6
0.00000E+00 0.00000E+00 % Li6
0.00000E+00 0.00000E+00 % Li8
0.00000E+00 0.00000E+00 % lost data
1.12372E+10 2.34690E-02 % total
];

MAT_fuelsalt0_ING_TOX = [
0.00000E+00 0.00000E+00 % Li7
0.00000E+00 0.00000E+00 % Be9
0.00000E+00 0.00000E+00 % F19
3.52664E+04 7.36539E-08 % Th232
1.43778E+07 2.00810E-05 % U233
0.00000E+00 0.00000E+00 % H1
0.00000E+00 0.00000E+00 % H2
0.00000E+00 0.00000E+00 % He4
0.00000E+00 0.00000E+00 % He6
0.00000E+00 0.00000E+00 % Li6
0.00000E+00 0.00000E+00 % Li8
0.00000E+00 0.00000E+00 % lost data
1.44131E+07 2.01547E-05 % total
];

MAT_fuelsalt0_INH_TOX = [
0.00000E+00 0.00000E+00 % Li7
0.00000E+00 0.00000E+00 % Be9
0.00000E+00 0.00000E+00 % F19
1.68665E+07 3.52258E-05 % Th232
2.70641E+09 3.77996E-03 % U233
0.00000E+00 0.00000E+00 % H1
0.00000E+00 0.00000E+00 % H2
0.00000E+00 0.00000E+00 % He4
0.00000E+00 0.00000E+00 % He6
0.00000E+00 0.00000E+00 % Li6
0.00000E+00 0.00000E+00 % Li8
0.00000E+00 0.00000E+00 % lost data
2.72327E+09 3.81519E-03 % total
];

MAT_fuelsalt2_VOLUME = [ 2.59000E+07 2.59000E+07 ];

MAT_fuelsalt2_BURNUP = [ 0.00000E+00 0.00000E+00 ];

MAT_fuelsalt2_ADENS = [
4.72619E-14 2.26436E-02 % Li7
1.05674E-14 5.04945E-03 % Be9
1.00580E-13 4.82109E-02 % F19
7.91246E-15 3.78710E-03 % Th232
1.10252E-16 7.88975E-05 % U233
2.02829E-25 9.73098E-14 % H1
9.11370E-27 4.48635E-15 % H2
2.00461E-15 1.00719E-11 % He4
0.00000E+00 8.65921E-16 % He6
1.00235E-16 4.42943E-13 % Li6
0.00000E+00 8.07599E-15 % Li8
1.19802E-15 1.25248E-15 % lost data
1.68537E-13 7.97700E-02 % total
];

MAT_fuelsalt2_MDENS = [
5.50627E-13 2.63811E-01 % Li7
1.58144E-13 7.55668E-02 % Be9
3.17308E-12 1.52095E+00 % F19
3.04879E-12 1.45923E+00 % Th232
4.26652E-14 3.05316E-02 % U233
3.39446E-25 1.62854E-13 % H1
3.04812E-26 1.50048E-14 % H2
1.33238E-14 6.69439E-11 % He4
0.00000E+00 8.65468E-15 % He6
1.00120E-15 4.42434E-12 % Li6
0.00000E+00 1.07587E-13 % Li8
0.00000E+00 0.00000E+00 % lost data
6.98763E-12 3.35008E+00 % total
];

MAT_fuelsalt2_A = [
0.00000E+00 0.00000E+00 % Li7
0.00000E+00 0.00000E+00 % Be9
0.00000E+00 0.00000E+00 % F19
3.20374E-01 1.53339E+11 % Th232
3.93974E+02 2.81931E+14 % U233
0.00000E+00 0.00000E+00 % H1
0.00000E+00 0.00000E+00 % H2
0.00000E+00 0.00000E+00 % He4
0.00000E+00 1.92704E+16 % He6
0.00000E+00 0.00000E+00 % Li6
0.00000E+00 1.72621E+17 % Li8
0.00000E+00 0.00000E+00 % lost data
3.94294E+02 1.92173E+17 % total
];

MAT_fuelsalt2_H = [
0.00000E+00 0.00000E+00 % Li7
0.00000E+00 0.00000E+00 % Be9
0.00000E+00 0.00000E+00 % F19
2.09316E-13 1.00184E-01 % Th232
3.09834E-10 2.21720E+02 % U233
0.00000E+00 0.00000E+00 % H1
0.00000E+00 0.00000E+00 % H2
0.00000E+00 0.00000E+00 % He4
0.00000E+00 7.22119E+03 % He6
0.00000E+00 0.00000E+00 % Li6
0.00000E+00 3.33895E+05 % Li8
0.00000E+00 0.00000E+00 % lost data
3.10043E-10 3.41338E+05 % total
];

MAT_fuelsalt2_SF = [
0.00000E+00 0.00000E+00 % Li7
0.00000E+00 0.00000E+00 % Be9
0.00000E+00 0.00000E+00 % F19
3.20374E-12 1.53339E+00 % Th232
0.00000E+00 0.00000E+00 % U233
0.00000E+00 0.00000E+00 % H1
0.00000E+00 0.00000E+00 % H2
0.00000E+00 0.00000E+00 % He4
0.00000E+00 0.00000E+00 % He6
0.00000E+00 0.00000E+00 % Li6
0.00000E+00 0.00000E+00 % Li8
0.00000E+00 0.00000E+00 % lost data
3.20374E-12 1.53339E+00 % total
];

MAT_fuelsalt2_GSRC = [
0.00000E+00 0.00000E+00 % Li7
0.00000E+00 0.00000E+00 % Be9
0.00000E+00 0.00000E+00 % F19
2.34792E-02 1.12377E+10 % Th232
0.00000E+00 0.00000E+00 % U233
0.00000E+00 0.00000E+00 % H1
0.00000E+00 0.00000E+00 % H2
0.00000E+00 0.00000E+00 % He4
0.00000E+00 0.00000E+00 % He6
0.00000E+00 0.00000E+00 % Li6
0.00000E+00 0.00000E+00 % Li8
0.00000E+00 0.00000E+00 % lost data
2.34792E-02 1.12377E+10 % total
];

MAT_fuelsalt2_ING_TOX = [
0.00000E+00 0.00000E+00 % Li7
0.00000E+00 0.00000E+00 % Be9
0.00000E+00 0.00000E+00 % F19
7.36859E-08 3.52679E+04 % Th232
2.00927E-05 1.43785E+07 % U233
0.00000E+00 0.00000E+00 % H1
0.00000E+00 0.00000E+00 % H2
0.00000E+00 0.00000E+00 % He4
0.00000E+00 0.00000E+00 % He6
0.00000E+00 0.00000E+00 % Li6
0.00000E+00 0.00000E+00 % Li8
0.00000E+00 0.00000E+00 % lost data
2.01663E-05 1.44137E+07 % total
];

MAT_fuelsalt2_INH_TOX = [
0.00000E+00 0.00000E+00 % Li7
0.00000E+00 0.00000E+00 % Be9
0.00000E+00 0.00000E+00 % F19
3.52411E-05 1.68673E+07 % Th232
3.78215E-03 2.70653E+09 % U233
0.00000E+00 0.00000E+00 % H1
0.00000E+00 0.00000E+00 % H2
0.00000E+00 0.00000E+00 % He4
0.00000E+00 0.00000E+00 % He6
0.00000E+00 0.00000E+00 % Li6
0.00000E+00 0.00000E+00 % Li8
0.00000E+00 0.00000E+00 % lost data
3.81739E-03 2.72340E+09 % total
];

MAT_fuelsalt999_VOLUME = [ 2.28000E+07 2.28000E+07 ];

MAT_fuelsalt999_BURNUP = [ 0.00000E+00 0.00000E+00 ];

