
ZAI = [
30070
40090
90190
902320
922330
10010
10020
20040
20060
30060
30080
666
0
];

NAMES = [
'Li7             '
'Be9             '
'F19             '
'Th232           '
'U233            '
'H1              '
'H2              '
'He4             '
'He6             '
'Li6             '
'Li8             '
'lost            '
'total           '
];

i30070  = 1; iLi7              = 1;
i40090  = 2; iBe9              = 2;
i90190  = 3; iF19              = 3;
i902320 = 4; iTh232            = 4;
i922330 = 5; iU233             = 5;
i10010  = 6; iH1               = 6;
i10020  = 7; iH2               = 7;
i20040  = 8; iHe4              = 8;
i20060  = 9; iHe6              = 9;
i30060  = 10; iLi6              = 10;
i30080  = 11; iLi8              = 11;
iLOST    = 12;
iTOT     = 13;

MAT_fuelsalt0_VOLUME = [ 2.59000E+07 2.59000E+07 ];

MAT_fuelsalt0_BURNUP = [ 0.00000E+00 0.00000E+00 ];

MAT_fuelsalt0_ADENS = [
2.26415E-02 4.71063E-14 % Li7
5.04896E-03 1.05174E-14 % Be9
4.82063E-02 1.00441E-13 % F19
3.78674E-03 7.90459E-15 % Th232
7.88892E-05 1.10082E-16 % U233
4.47473E-13 9.31096E-25 % H1
1.68178E-14 3.50592E-26 % H2
4.39636E-11 2.01156E-15 % He4
8.32884E-16 0.00000E+00 % He6
1.92601E-12 9.67604E-17 % Li6
8.09527E-15 0.00000E+00 % Li8
1.74253E-15 1.79698E-15 % lost data
7.97624E-02 1.68187E-13 % total
];

MAT_fuelsalt0_MDENS = [
2.63785E-01 5.48813E-13 % Li7
7.55595E-02 1.57396E-13 % Be9
1.52080E+00 3.16868E-12 % F19
1.45909E+00 3.04576E-12 % Th232
3.05284E-02 4.25993E-14 % U233
7.48872E-13 1.55825E-24 % H1
5.62480E-14 1.17257E-25 % H2
2.92208E-10 1.33700E-14 % He4
8.32448E-15 0.00000E+00 % He6
1.92380E-11 9.66492E-16 % Li6
1.07844E-13 0.00000E+00 % Li8
0.00000E+00 0.00000E+00 % lost data
3.34976E+00 6.97758E-12 % total
];

MAT_fuelsalt0_A = [
0.00000E+00 0.00000E+00 % Li7
0.00000E+00 0.00000E+00 % Be9
0.00000E+00 0.00000E+00 % F19
1.53324E+11 3.20055E-01 % Th232
2.81901E+14 3.93365E+02 % U233
0.00000E+00 0.00000E+00 % H1
0.00000E+00 0.00000E+00 % H2
0.00000E+00 0.00000E+00 % He4
1.85352E+16 0.00000E+00 % He6
0.00000E+00 0.00000E+00 % Li6
1.73033E+17 0.00000E+00 % Li8
0.00000E+00 0.00000E+00 % lost data
1.91850E+17 3.93685E+02 % total
];

MAT_fuelsalt0_H = [
0.00000E+00 0.00000E+00 % Li7
0.00000E+00 0.00000E+00 % Be9
0.00000E+00 0.00000E+00 % F19
1.00174E-01 2.09108E-13 % Th232
2.21696E+02 3.09355E-10 % U233
0.00000E+00 0.00000E+00 % H1
0.00000E+00 0.00000E+00 % H2
0.00000E+00 0.00000E+00 % He4
6.94568E+03 0.00000E+00 % He6
0.00000E+00 0.00000E+00 % Li6
3.34692E+05 0.00000E+00 % Li8
0.00000E+00 0.00000E+00 % lost data
3.41860E+05 3.09565E-10 % total
];

MAT_fuelsalt0_SF = [
0.00000E+00 0.00000E+00 % Li7
0.00000E+00 0.00000E+00 % Be9
0.00000E+00 0.00000E+00 % F19
1.53324E+00 3.20055E-12 % Th232
0.00000E+00 0.00000E+00 % U233
0.00000E+00 0.00000E+00 % H1
0.00000E+00 0.00000E+00 % H2
0.00000E+00 0.00000E+00 % He4
0.00000E+00 0.00000E+00 % He6
0.00000E+00 0.00000E+00 % Li6
0.00000E+00 0.00000E+00 % Li8
0.00000E+00 0.00000E+00 % lost data
1.53324E+00 3.20055E-12 % total
];

MAT_fuelsalt0_GSRC = [
0.00000E+00 0.00000E+00 % Li7
0.00000E+00 0.00000E+00 % Be9
0.00000E+00 0.00000E+00 % F19
1.12366E+10 2.34558E-02 % Th232
0.00000E+00 0.00000E+00 % U233
0.00000E+00 0.00000E+00 % H1
0.00000E+00 0.00000E+00 % H2
0.00000E+00 0.00000E+00 % He4
0.00000E+00 0.00000E+00 % He6
0.00000E+00 0.00000E+00 % Li6
0.00000E+00 0.00000E+00 % Li8
0.00000E+00 0.00000E+00 % lost data
1.12366E+10 2.34558E-02 % total
];

MAT_fuelsalt0_ING_TOX = [
0.00000E+00 0.00000E+00 % Li7
0.00000E+00 0.00000E+00 % Be9
0.00000E+00 0.00000E+00 % F19
3.52645E+04 7.36126E-08 % Th232
1.43770E+07 2.00616E-05 % U233
0.00000E+00 0.00000E+00 % H1
0.00000E+00 0.00000E+00 % H2
0.00000E+00 0.00000E+00 % He4
0.00000E+00 0.00000E+00 % He6
0.00000E+00 0.00000E+00 % Li6
0.00000E+00 0.00000E+00 % Li8
0.00000E+00 0.00000E+00 % lost data
1.44122E+07 2.01352E-05 % total
];

MAT_fuelsalt0_INH_TOX = [
0.00000E+00 0.00000E+00 % Li7
0.00000E+00 0.00000E+00 % Be9
0.00000E+00 0.00000E+00 % F19
1.68656E+07 3.52060E-05 % Th232
2.70625E+09 3.77631E-03 % U233
0.00000E+00 0.00000E+00 % H1
0.00000E+00 0.00000E+00 % H2
0.00000E+00 0.00000E+00 % He4
0.00000E+00 0.00000E+00 % He6
0.00000E+00 0.00000E+00 % Li6
0.00000E+00 0.00000E+00 % Li8
0.00000E+00 0.00000E+00 % lost data
2.72312E+09 3.81151E-03 % total
];

MAT_fuelsalt2_VOLUME = [ 2.59000E+07 2.59000E+07 ];

MAT_fuelsalt2_BURNUP = [ 0.00000E+00 0.00000E+00 ];

MAT_fuelsalt2_ADENS = [
4.71653E-14 2.26450E-02 % Li7
1.05332E-14 5.04975E-03 % Be9
1.00317E-13 4.82138E-02 % F19
7.87819E-15 3.78733E-03 % Th232
1.10007E-16 7.89024E-05 % U233
7.34475E-26 7.34475E-26 % H1
5.56760E-27 1.37955E-15 % H2
2.01156E-15 5.35126E-13 % He4
0.00000E+00 8.30263E-16 % He6
9.76092E-17 2.53205E-14 % Li6
0.00000E+00 8.10111E-15 % Li8
1.74260E-15 1.79706E-15 % lost data
1.68113E-13 7.97748E-02 % total
];

MAT_fuelsalt2_MDENS = [
5.49501E-13 2.63826E-01 % Li7
1.57633E-13 7.55713E-02 % Be9
3.16479E-12 1.52104E+00 % F19
3.03558E-12 1.45931E+00 % Th232
4.25701E-14 3.05335E-02 % U233
1.22919E-25 1.22919E-25 % H1
1.86211E-26 4.61397E-15 % H2
1.33700E-14 3.55676E-12 % He4
0.00000E+00 8.29828E-15 % He6
9.74970E-16 2.52914E-13 % Li6
0.00000E+00 1.07922E-13 % Li8
0.00000E+00 0.00000E+00 % lost data
6.96442E-12 3.35028E+00 % total
];

MAT_fuelsalt2_A = [
0.00000E+00 0.00000E+00 % Li7
0.00000E+00 0.00000E+00 % Be9
0.00000E+00 0.00000E+00 % F19
3.18986E-01 1.53348E+11 % Th232
3.93095E+02 2.81948E+14 % U233
0.00000E+00 0.00000E+00 % H1
0.00000E+00 0.00000E+00 % H2
0.00000E+00 0.00000E+00 % He4
0.00000E+00 1.84769E+16 % He6
0.00000E+00 0.00000E+00 % Li6
0.00000E+00 1.73158E+17 % Li8
0.00000E+00 0.00000E+00 % lost data
3.93414E+02 1.91917E+17 % total
];

MAT_fuelsalt2_H = [
0.00000E+00 0.00000E+00 % Li7
0.00000E+00 0.00000E+00 % Be9
0.00000E+00 0.00000E+00 % F19
2.08409E-13 1.00190E-01 % Th232
3.09143E-10 2.21733E+02 % U233
0.00000E+00 0.00000E+00 % H1
0.00000E+00 0.00000E+00 % H2
0.00000E+00 0.00000E+00 % He4
0.00000E+00 6.92383E+03 % He6
0.00000E+00 0.00000E+00 % Li6
0.00000E+00 3.34934E+05 % Li8
0.00000E+00 0.00000E+00 % lost data
3.09352E-10 3.42080E+05 % total
];

MAT_fuelsalt2_SF = [
0.00000E+00 0.00000E+00 % Li7
0.00000E+00 0.00000E+00 % Be9
0.00000E+00 0.00000E+00 % F19
3.18986E-12 1.53348E+00 % Th232
0.00000E+00 0.00000E+00 % U233
0.00000E+00 0.00000E+00 % H1
0.00000E+00 0.00000E+00 % H2
0.00000E+00 0.00000E+00 % He4
0.00000E+00 0.00000E+00 % He6
0.00000E+00 0.00000E+00 % Li6
0.00000E+00 0.00000E+00 % Li8
0.00000E+00 0.00000E+00 % lost data
3.18986E-12 1.53348E+00 % total
];

MAT_fuelsalt2_GSRC = [
0.00000E+00 0.00000E+00 % Li7
0.00000E+00 0.00000E+00 % Be9
0.00000E+00 0.00000E+00 % F19
2.33775E-02 1.12384E+10 % Th232
0.00000E+00 0.00000E+00 % U233
0.00000E+00 0.00000E+00 % H1
0.00000E+00 0.00000E+00 % H2
0.00000E+00 0.00000E+00 % He4
0.00000E+00 0.00000E+00 % He6
0.00000E+00 0.00000E+00 % Li6
0.00000E+00 0.00000E+00 % Li8
0.00000E+00 0.00000E+00 % lost data
2.33775E-02 1.12384E+10 % total
];

MAT_fuelsalt2_ING_TOX = [
0.00000E+00 0.00000E+00 % Li7
0.00000E+00 0.00000E+00 % Be9
0.00000E+00 0.00000E+00 % F19
7.33668E-08 3.52700E+04 % Th232
2.00479E-05 1.43794E+07 % U233
0.00000E+00 0.00000E+00 % H1
0.00000E+00 0.00000E+00 % H2
0.00000E+00 0.00000E+00 % He4
0.00000E+00 0.00000E+00 % He6
0.00000E+00 0.00000E+00 % Li6
0.00000E+00 0.00000E+00 % Li8
0.00000E+00 0.00000E+00 % lost data
2.01212E-05 1.44146E+07 % total
];

MAT_fuelsalt2_INH_TOX = [
0.00000E+00 0.00000E+00 % Li7
0.00000E+00 0.00000E+00 % Be9
0.00000E+00 0.00000E+00 % F19
3.50885E-05 1.68683E+07 % Th232
3.77372E-03 2.70670E+09 % U233
0.00000E+00 0.00000E+00 % H1
0.00000E+00 0.00000E+00 % H2
0.00000E+00 0.00000E+00 % He4
0.00000E+00 0.00000E+00 % He6
0.00000E+00 0.00000E+00 % Li6
0.00000E+00 0.00000E+00 % Li8
0.00000E+00 0.00000E+00 % lost data
3.80880E-03 2.72357E+09 % total
];

MAT_fuelsalt999_VOLUME = [ 2.28000E+07 2.28000E+07 ];

MAT_fuelsalt999_BURNUP = [ 0.00000E+00 0.00000E+00 ];

