
ZAI = [
30070
40090
90190
902320
922330
10010
10020
20040
20060
30060
30080
666
0
];

NAMES = [
'Li7             '
'Be9             '
'F19             '
'Th232           '
'U233            '
'H1              '
'H2              '
'He4             '
'He6             '
'Li6             '
'Li8             '
'lost            '
'total           '
];

i30070  = 1; iLi7              = 1;
i40090  = 2; iBe9              = 2;
i90190  = 3; iF19              = 3;
i902320 = 4; iTh232            = 4;
i922330 = 5; iU233             = 5;
i10010  = 6; iH1               = 6;
i10020  = 7; iH2               = 7;
i20040  = 8; iHe4              = 8;
i20060  = 9; iHe6              = 9;
i30060  = 10; iLi6              = 10;
i30080  = 11; iLi8              = 11;
iLOST    = 12;
iTOT     = 13;

MAT_fuelsalt0_VOLUME = [ 2.59000E+07 2.59000E+07 ];

MAT_fuelsalt0_BURNUP = [ 0.00000E+00 0.00000E+00 ];

MAT_fuelsalt0_ADENS = [
4.72568E-14 2.26424E-02 % Li7
1.05325E-14 5.04916E-03 % Be9
1.00498E-13 4.82082E-02 % F19
7.90565E-15 3.78688E-03 % Th232
1.10146E-16 7.88926E-05 % U233
5.23725E-25 2.88130E-13 % H1
2.03754E-26 1.10811E-14 % H2
2.01283E-15 2.84784E-11 % He4
0.00000E+00 8.44854E-16 % He6
9.75606E-17 1.24742E-12 % Li6
0.00000E+00 8.08885E-15 % Li8
1.36137E-15 1.41582E-15 % lost data
1.68414E-13 7.97655E-02 % total
];

MAT_fuelsalt0_MDENS = [
5.50568E-13 2.63796E-01 % Li7
1.57623E-13 7.55625E-02 % Be9
3.17049E-12 1.52086E+00 % F19
3.04616E-12 1.45914E+00 % Th232
4.26240E-14 3.05297E-02 % U233
8.76486E-25 4.82202E-13 % H1
6.81464E-26 3.70612E-14 % H2
1.33784E-14 1.89284E-10 % He4
0.00000E+00 8.44411E-15 % He6
9.74485E-16 1.24598E-11 % Li6
0.00000E+00 1.07759E-13 % Li8
0.00000E+00 0.00000E+00 % lost data
6.98182E-12 3.34989E+00 % total
];

MAT_fuelsalt0_A = [
0.00000E+00 0.00000E+00 % Li7
0.00000E+00 0.00000E+00 % Be9
0.00000E+00 0.00000E+00 % F19
3.20098E-01 1.53330E+11 % Th232
3.93593E+02 2.81913E+14 % U233
0.00000E+00 0.00000E+00 % H1
0.00000E+00 0.00000E+00 % H2
0.00000E+00 0.00000E+00 % He4
0.00000E+00 1.88016E+16 % He6
0.00000E+00 0.00000E+00 % Li6
0.00000E+00 1.72896E+17 % Li8
0.00000E+00 0.00000E+00 % lost data
3.93913E+02 1.91979E+17 % total
];

MAT_fuelsalt0_H = [
0.00000E+00 0.00000E+00 % Li7
0.00000E+00 0.00000E+00 % Be9
0.00000E+00 0.00000E+00 % F19
2.09135E-13 1.00178E-01 % Th232
3.09535E-10 2.21706E+02 % U233
0.00000E+00 0.00000E+00 % H1
0.00000E+00 0.00000E+00 % H2
0.00000E+00 0.00000E+00 % He4
0.00000E+00 7.04550E+03 % He6
0.00000E+00 0.00000E+00 % Li6
0.00000E+00 3.34427E+05 % Li8
0.00000E+00 0.00000E+00 % lost data
3.09744E-10 3.41694E+05 % total
];

MAT_fuelsalt0_SF = [
0.00000E+00 0.00000E+00 % Li7
0.00000E+00 0.00000E+00 % Be9
0.00000E+00 0.00000E+00 % F19
3.20098E-12 1.53330E+00 % Th232
0.00000E+00 0.00000E+00 % U233
0.00000E+00 0.00000E+00 % H1
0.00000E+00 0.00000E+00 % H2
0.00000E+00 0.00000E+00 % He4
0.00000E+00 0.00000E+00 % He6
0.00000E+00 0.00000E+00 % Li6
0.00000E+00 0.00000E+00 % Li8
0.00000E+00 0.00000E+00 % lost data
3.20098E-12 1.53330E+00 % total
];

MAT_fuelsalt0_GSRC = [
0.00000E+00 0.00000E+00 % Li7
0.00000E+00 0.00000E+00 % Be9
0.00000E+00 0.00000E+00 % F19
2.34589E-02 1.12371E+10 % Th232
0.00000E+00 0.00000E+00 % U233
0.00000E+00 0.00000E+00 % H1
0.00000E+00 0.00000E+00 % H2
0.00000E+00 0.00000E+00 % He4
0.00000E+00 0.00000E+00 % He6
0.00000E+00 0.00000E+00 % Li6
0.00000E+00 0.00000E+00 % Li8
0.00000E+00 0.00000E+00 % lost data
2.34589E-02 1.12371E+10 % total
];

MAT_fuelsalt0_ING_TOX = [
0.00000E+00 0.00000E+00 % Li7
0.00000E+00 0.00000E+00 % Be9
0.00000E+00 0.00000E+00 % F19
7.36225E-08 3.52659E+04 % Th232
2.00732E-05 1.43776E+07 % U233
0.00000E+00 0.00000E+00 % H1
0.00000E+00 0.00000E+00 % H2
0.00000E+00 0.00000E+00 % He4
0.00000E+00 0.00000E+00 % He6
0.00000E+00 0.00000E+00 % Li6
0.00000E+00 0.00000E+00 % Li8
0.00000E+00 0.00000E+00 % lost data
2.01469E-05 1.44128E+07 % total
];

MAT_fuelsalt0_INH_TOX = [
0.00000E+00 0.00000E+00 % Li7
0.00000E+00 0.00000E+00 % Be9
0.00000E+00 0.00000E+00 % F19
3.52107E-05 1.68663E+07 % Th232
3.77849E-03 2.70637E+09 % U233
0.00000E+00 0.00000E+00 % H1
0.00000E+00 0.00000E+00 % H2
0.00000E+00 0.00000E+00 % He4
0.00000E+00 0.00000E+00 % He6
0.00000E+00 0.00000E+00 % Li6
0.00000E+00 0.00000E+00 % Li8
0.00000E+00 0.00000E+00 % lost data
3.81370E-03 2.72323E+09 % total
];

MAT_fuelsalt2_VOLUME = [ 2.59000E+07 2.59000E+07 ];

MAT_fuelsalt2_BURNUP = [ 0.00000E+00 0.00000E+00 ];

MAT_fuelsalt2_ADENS = [
2.26438E-02 4.72423E-14 % Li7
5.04948E-03 1.05374E-14 % Be9
4.82113E-02 1.00533E-13 % F19
3.78712E-03 7.90930E-15 % Th232
7.88980E-05 1.10258E-16 % U233
9.22834E-14 1.92823E-25 % H1
4.39173E-15 9.16431E-27 % H2
9.64349E-12 2.01046E-15 % He4
8.40286E-16 0.00000E+00 % He6
4.24955E-13 9.76203E-17 % Li6
8.09067E-15 0.00000E+00 % Li8
1.36139E-15 1.41585E-15 % lost data
7.97706E-02 1.68440E-13 % total
];

MAT_fuelsalt2_MDENS = [
2.63812E-01 5.50398E-13 % Li7
7.55673E-02 1.57697E-13 % Be9
1.52096E+00 3.17159E-12 % F19
1.45924E+00 3.04757E-12 % Th232
3.05318E-02 4.26673E-14 % U233
1.54442E-13 3.22701E-25 % H1
1.46884E-14 3.06505E-26 % H2
6.40963E-11 1.33627E-14 % He4
8.39846E-15 0.00000E+00 % He6
4.24467E-12 9.75082E-16 % Li6
1.07783E-13 0.00000E+00 % Li8
0.00000E+00 0.00000E+00 % lost data
3.35010E+00 6.98426E-12 % total
];

MAT_fuelsalt2_A = [
0.00000E+00 0.00000E+00 % Li7
0.00000E+00 0.00000E+00 % Be9
0.00000E+00 0.00000E+00 % F19
1.53340E+11 3.20246E-01 % Th232
2.81933E+14 3.93993E+02 % U233
0.00000E+00 0.00000E+00 % H1
0.00000E+00 0.00000E+00 % H2
0.00000E+00 0.00000E+00 % He4
1.86999E+16 0.00000E+00 % He6
0.00000E+00 0.00000E+00 % Li6
1.72935E+17 0.00000E+00 % Li8
0.00000E+00 0.00000E+00 % lost data
1.91917E+17 3.94313E+02 % total
];

MAT_fuelsalt2_H = [
0.00000E+00 0.00000E+00 % Li7
0.00000E+00 0.00000E+00 % Be9
0.00000E+00 0.00000E+00 % F19
1.00184E-01 2.09232E-13 % Th232
2.21721E+02 3.09849E-10 % U233
0.00000E+00 0.00000E+00 % H1
0.00000E+00 0.00000E+00 % H2
0.00000E+00 0.00000E+00 % He4
7.00741E+03 0.00000E+00 % He6
0.00000E+00 0.00000E+00 % Li6
3.34502E+05 0.00000E+00 % Li8
0.00000E+00 0.00000E+00 % lost data
3.41732E+05 3.10059E-10 % total
];

MAT_fuelsalt2_SF = [
0.00000E+00 0.00000E+00 % Li7
0.00000E+00 0.00000E+00 % Be9
0.00000E+00 0.00000E+00 % F19
1.53340E+00 3.20246E-12 % Th232
0.00000E+00 0.00000E+00 % U233
0.00000E+00 0.00000E+00 % H1
0.00000E+00 0.00000E+00 % H2
0.00000E+00 0.00000E+00 % He4
0.00000E+00 0.00000E+00 % He6
0.00000E+00 0.00000E+00 % Li6
0.00000E+00 0.00000E+00 % Li8
0.00000E+00 0.00000E+00 % lost data
1.53340E+00 3.20246E-12 % total
];

MAT_fuelsalt2_GSRC = [
0.00000E+00 0.00000E+00 % Li7
0.00000E+00 0.00000E+00 % Be9
0.00000E+00 0.00000E+00 % F19
1.12378E+10 2.34698E-02 % Th232
0.00000E+00 0.00000E+00 % U233
0.00000E+00 0.00000E+00 % H1
0.00000E+00 0.00000E+00 % H2
0.00000E+00 0.00000E+00 % He4
0.00000E+00 0.00000E+00 % He6
0.00000E+00 0.00000E+00 % Li6
0.00000E+00 0.00000E+00 % Li8
0.00000E+00 0.00000E+00 % lost data
1.12378E+10 2.34698E-02 % total
];

MAT_fuelsalt2_ING_TOX = [
0.00000E+00 0.00000E+00 % Li7
0.00000E+00 0.00000E+00 % Be9
0.00000E+00 0.00000E+00 % F19
3.52681E+04 7.36565E-08 % Th232
1.43786E+07 2.00937E-05 % U233
0.00000E+00 0.00000E+00 % H1
0.00000E+00 0.00000E+00 % H2
0.00000E+00 0.00000E+00 % He4
0.00000E+00 0.00000E+00 % He6
0.00000E+00 0.00000E+00 % Li6
0.00000E+00 0.00000E+00 % Li8
0.00000E+00 0.00000E+00 % lost data
1.44138E+07 2.01673E-05 % total
];

MAT_fuelsalt2_INH_TOX = [
0.00000E+00 0.00000E+00 % Li7
0.00000E+00 0.00000E+00 % Be9
0.00000E+00 0.00000E+00 % F19
1.68674E+07 3.52270E-05 % Th232
2.70655E+09 3.78234E-03 % U233
0.00000E+00 0.00000E+00 % H1
0.00000E+00 0.00000E+00 % H2
0.00000E+00 0.00000E+00 % He4
0.00000E+00 0.00000E+00 % He6
0.00000E+00 0.00000E+00 % Li6
0.00000E+00 0.00000E+00 % Li8
0.00000E+00 0.00000E+00 % lost data
2.72342E+09 3.81756E-03 % total
];

MAT_fuelsalt999_VOLUME = [ 2.28000E+07 2.28000E+07 ];

MAT_fuelsalt999_BURNUP = [ 0.00000E+00 0.00000E+00 ];

