
ZAI = [
666
0
];

NAMES = [
'lost            '
'total           '
];

iLOST    = 1;
iTOT     = 2;

MAT_fuel_VOLUME = [ 3.32302E+06 3.32302E+06 3.32302E+06 3.32302E+06 3.32302E+06 3.32302E+06 3.32302E+06 3.32302E+06 3.32302E+06 3.32302E+06 3.32302E+06 3.32302E+06 ];

MAT_fuel_BURNUP = [ 0.00000E+00 2.22022E-03 2.22021E-01 4.44041E-01 6.66063E-01 8.88087E-01 1.11011E+00 1.33213E+00 1.55415E+00 1.77618E+00 1.99820E+00 2.22022E+00 ];

MAT_fuel_ADENS = [
0.00000E+00 8.49427E-17 8.63678E-15 1.74970E-14 2.63796E-14 3.53144E-14 4.42722E-14 5.32710E-14 6.22963E-14 7.13160E-14 8.03349E-14 8.93729E-14 % lost data
7.93476E-02 7.93476E-02 7.93486E-02 7.93495E-02 7.93504E-02 7.93513E-02 7.93523E-02 7.93532E-02 7.93541E-02 7.93551E-02 7.93560E-02 7.93569E-02 % total
];

MAT_fuel_MDENS = [
0.00000E+00 0.00000E+00 0.00000E+00 0.00000E+00 0.00000E+00 0.00000E+00 0.00000E+00 0.00000E+00 0.00000E+00 0.00000E+00 0.00000E+00 0.00000E+00 % lost data
3.33040E+00 3.33040E+00 3.33040E+00 3.33040E+00 3.33039E+00 3.33039E+00 3.33039E+00 3.33039E+00 3.33038E+00 3.33038E+00 3.33038E+00 3.33038E+00 % total
];

MAT_fuel_A = [
0.00000E+00 0.00000E+00 0.00000E+00 0.00000E+00 0.00000E+00 0.00000E+00 0.00000E+00 0.00000E+00 0.00000E+00 0.00000E+00 0.00000E+00 0.00000E+00 % lost data
3.34738E+13 1.43865E+19 1.92556E+19 2.04719E+19 2.13026E+19 2.19304E+19 2.24133E+19 2.27928E+19 2.30952E+19 2.33371E+19 2.35284E+19 2.36873E+19 % total
];

MAT_fuel_H = [
0.00000E+00 0.00000E+00 0.00000E+00 0.00000E+00 0.00000E+00 0.00000E+00 0.00000E+00 0.00000E+00 0.00000E+00 0.00000E+00 0.00000E+00 0.00000E+00 % lost data
2.63253E+01 4.86610E+06 5.69270E+06 5.81318E+06 5.89217E+06 5.95007E+06 5.99362E+06 6.02751E+06 6.05415E+06 6.07541E+06 6.09233E+06 6.10639E+06 % total
];

MAT_fuel_SF = [
0.00000E+00 0.00000E+00 0.00000E+00 0.00000E+00 0.00000E+00 0.00000E+00 0.00000E+00 0.00000E+00 0.00000E+00 0.00000E+00 0.00000E+00 0.00000E+00 % lost data
3.72538E-01 2.33013E+00 1.89815E+02 3.67133E+02 5.36685E+02 7.05187E+02 8.81367E+02 1.07584E+03 1.29991E+03 1.56613E+03 1.88722E+03 2.27619E+03 % total
];

MAT_fuel_GSRC = [
0.00000E+00 0.00000E+00 0.00000E+00 0.00000E+00 0.00000E+00 0.00000E+00 0.00000E+00 0.00000E+00 0.00000E+00 0.00000E+00 0.00000E+00 0.00000E+00 % lost data
3.93720E+09 9.20678E+18 1.36807E+19 1.50171E+19 1.59242E+19 1.65995E+19 1.71144E+19 1.75130E+19 1.78245E+19 1.80695E+19 1.82615E+19 1.84149E+19 % total
];

MAT_fuel_ING_TOX = [
0.00000E+00 0.00000E+00 0.00000E+00 0.00000E+00 0.00000E+00 0.00000E+00 0.00000E+00 0.00000E+00 0.00000E+00 0.00000E+00 0.00000E+00 0.00000E+00 % lost data
1.72202E+06 1.55628E+11 2.96743E+11 3.26494E+11 3.35289E+11 3.38296E+11 3.39586E+11 3.40320E+11 3.40826E+11 3.41203E+11 3.41508E+11 3.41780E+11 % total
];

MAT_fuel_INH_TOX = [
0.00000E+00 0.00000E+00 0.00000E+00 0.00000E+00 0.00000E+00 0.00000E+00 0.00000E+00 0.00000E+00 0.00000E+00 0.00000E+00 0.00000E+00 0.00000E+00 % lost data
3.29610E+08 1.84195E+11 2.86318E+11 3.15221E+11 3.26404E+11 3.32351E+11 3.36493E+11 3.39866E+11 3.42804E+11 3.45445E+11 3.47869E+11 3.50141E+11 % total
];

TOT_VOLUME = [ 3.32302E+06 3.32302E+06 3.32302E+06 3.32302E+06 3.32302E+06 3.32302E+06 3.32302E+06 3.32302E+06 3.32302E+06 3.32302E+06 3.32302E+06 3.32302E+06 ];

TOT_BURNUP = [ 0.00000E+00 2.22022E-03 2.22021E-01 4.44041E-01 6.66063E-01 8.88087E-01 1.11011E+00 1.33213E+00 1.55415E+00 1.77618E+00 1.99820E+00 2.22022E+00 ];

TOT_ADENS = [
0.00000E+00 8.49427E-17 8.63678E-15 1.74970E-14 2.63796E-14 3.53144E-14 4.42722E-14 5.32710E-14 6.22963E-14 7.13160E-14 8.03349E-14 8.93729E-14 % lost data
7.93476E-02 7.93476E-02 7.93486E-02 7.93495E-02 7.93504E-02 7.93513E-02 7.93523E-02 7.93532E-02 7.93541E-02 7.93551E-02 7.93560E-02 7.93569E-02 % total
];

TOT_MASS = [
0.00000E+00 0.00000E+00 0.00000E+00 0.00000E+00 0.00000E+00 0.00000E+00 0.00000E+00 0.00000E+00 0.00000E+00 0.00000E+00 0.00000E+00 0.00000E+00 % lost data
1.10670E+07 1.10670E+07 1.10670E+07 1.10670E+07 1.10670E+07 1.10669E+07 1.10669E+07 1.10669E+07 1.10669E+07 1.10669E+07 1.10669E+07 1.10669E+07 % total
];

TOT_A = [
0.00000E+00 0.00000E+00 0.00000E+00 0.00000E+00 0.00000E+00 0.00000E+00 0.00000E+00 0.00000E+00 0.00000E+00 0.00000E+00 0.00000E+00 0.00000E+00 % lost data
3.34738E+13 1.43865E+19 1.92556E+19 2.04719E+19 2.13026E+19 2.19304E+19 2.24133E+19 2.27928E+19 2.30952E+19 2.33371E+19 2.35284E+19 2.36873E+19 % total
];

TOT_H = [
0.00000E+00 0.00000E+00 0.00000E+00 0.00000E+00 0.00000E+00 0.00000E+00 0.00000E+00 0.00000E+00 0.00000E+00 0.00000E+00 0.00000E+00 0.00000E+00 % lost data
2.63253E+01 4.86610E+06 5.69270E+06 5.81318E+06 5.89217E+06 5.95007E+06 5.99362E+06 6.02751E+06 6.05415E+06 6.07541E+06 6.09233E+06 6.10639E+06 % total
];

TOT_SF = [
0.00000E+00 0.00000E+00 0.00000E+00 0.00000E+00 0.00000E+00 0.00000E+00 0.00000E+00 0.00000E+00 0.00000E+00 0.00000E+00 0.00000E+00 0.00000E+00 % lost data
3.72538E-01 2.33013E+00 1.89815E+02 3.67133E+02 5.36685E+02 7.05187E+02 8.81367E+02 1.07584E+03 1.29991E+03 1.56613E+03 1.88722E+03 2.27619E+03 % total
];

TOT_GSRC = [
0.00000E+00 0.00000E+00 0.00000E+00 0.00000E+00 0.00000E+00 0.00000E+00 0.00000E+00 0.00000E+00 0.00000E+00 0.00000E+00 0.00000E+00 0.00000E+00 % lost data
3.93720E+09 9.20678E+18 1.36807E+19 1.50171E+19 1.59242E+19 1.65995E+19 1.71144E+19 1.75130E+19 1.78245E+19 1.80695E+19 1.82615E+19 1.84149E+19 % total
];

TOT_ING_TOX = [
0.00000E+00 0.00000E+00 0.00000E+00 0.00000E+00 0.00000E+00 0.00000E+00 0.00000E+00 0.00000E+00 0.00000E+00 0.00000E+00 0.00000E+00 0.00000E+00 % lost data
1.72202E+06 1.55628E+11 2.96743E+11 3.26494E+11 3.35289E+11 3.38296E+11 3.39586E+11 3.40320E+11 3.40826E+11 3.41203E+11 3.41508E+11 3.41780E+11 % total
];

TOT_INH_TOX = [
0.00000E+00 0.00000E+00 0.00000E+00 0.00000E+00 0.00000E+00 0.00000E+00 0.00000E+00 0.00000E+00 0.00000E+00 0.00000E+00 0.00000E+00 0.00000E+00 % lost data
3.29610E+08 1.84195E+11 2.86318E+11 3.15221E+11 3.26404E+11 3.32351E+11 3.36493E+11 3.39866E+11 3.42804E+11 3.45445E+11 3.47869E+11 3.50141E+11 % total
];

BU = [ 0.00000E+00 2.22000E-03 2.22000E-01 4.44000E-01 6.66000E-01 8.88000E-01 1.11000E+00 1.33200E+00 1.55400E+00 1.77600E+00 1.99800E+00 2.22000E+00 ];

DAYS = [ 0.00000E+00 1.00000E-01 1.00000E+01 2.00000E+01 3.00000E+01 4.00000E+01 5.00000E+01 6.00000E+01 7.00000E+01 8.00000E+01 9.00000E+01 1.00000E+02 ];
