
ZAI = [
902320
902330
912320
912330
912340
922320
922330
922340
922350
922360
942390
2
10
36
54
86
666
0
];




MAT_fuel_VOLUME = [ 1.95057E+07 1.95057E+07 1.95057E+07 1.95057E+07 1.95057E+07 1.95057E+07 1.95057E+07 1.95057E+07 1.95057E+07 1.95057E+07 1.95057E+07 ];

MAT_fuel_BURNUP = [ 0.00000E+00 0.00000E+00 0.00000E+00 0.00000E+00 0.00000E+00 0.00000E+00 0.00000E+00 0.00000E+00 0.00000E+00 0.00000E+00 0.00000E+00 ];

MAT_fuel_ADENS = [
3.76782E-03 3.76680E-03 3.76575E-03 3.76469E-03 3.76361E-03 3.76253E-03 3.76144E-03 3.76034E-03 3.75923E-03 3.75811E-03 3.75698E-03 % Th232
0.00000E+00 7.44830E-09 7.62359E-09 7.70515E-09 7.79053E-09 7.87017E-09 7.93236E-09 7.99493E-09 8.06275E-09 8.12440E-09 8.17980E-09 % Th233
0.00000E+00 8.86527E-13 3.69955E-12 7.34596E-12 1.12730E-11 1.53203E-11 1.93730E-11 2.35031E-11 2.76467E-11 3.18130E-11 3.60389E-11 % Pa232
0.00000E+00 9.75590E-07 1.90681E-06 2.77802E-06 3.59417E-06 4.35868E-06 5.07320E-06 5.74153E-06 6.36784E-06 6.95456E-06 7.50384E-06 % Pa233
0.00000E+00 2.23169E-10 4.84965E-10 7.29964E-10 9.63401E-10 1.18650E-09 1.39258E-09 1.59121E-09 1.78136E-09 1.95744E-09 2.12706E-09 % Pa234
0.00000E+00 2.50026E-12 8.07536E-12 1.88422E-11 3.55837E-11 5.85327E-11 8.77567E-11 1.23298E-10 1.65173E-10 2.13396E-10 2.67974E-10 % U232
7.28447E-05 7.18478E-05 7.09240E-05 7.00692E-05 6.92791E-05 6.85496E-05 6.78769E-05 6.72572E-05 6.66872E-05 6.61636E-05 6.56837E-05 % U233
0.00000E+00 1.11948E-07 2.28148E-07 3.47878E-07 4.70928E-07 5.97151E-07 7.26214E-07 8.57980E-07 9.92386E-07 1.12919E-06 1.26829E-06 % U234
0.00000E+00 2.37243E-10 9.75802E-10 2.23288E-09 4.02595E-09 6.36884E-09 9.27520E-09 1.27513E-08 1.68069E-08 2.14542E-08 2.67028E-08 % U235
0.00000E+00 1.82867E-13 1.51271E-12 5.23486E-12 1.26759E-11 2.52379E-11 4.43783E-11 7.16220E-11 1.08525E-10 1.56726E-10 2.17873E-10 % U236
1.88395E-08 1.79696E-08 1.71276E-08 1.63151E-08 1.55316E-08 1.47775E-08 1.40531E-08 1.33570E-08 1.26899E-08 1.20506E-08 1.14389E-08 % Pu239
0.00000E+00 2.92656E-08 3.18165E-08 3.22501E-08 3.25139E-08 3.27441E-08 3.29268E-08 3.31276E-08 3.32858E-08 3.34329E-08 3.35540E-08 % helium
0.00000E+00 3.88878E-09 4.23186E-09 4.30831E-09 4.36355E-09 4.41439E-09 4.46088E-09 4.50506E-09 4.54660E-09 4.58683E-09 4.62478E-09 % neon
0.00000E+00 2.47473E-08 2.63515E-08 2.64882E-08 2.65140E-08 2.65306E-08 2.65459E-08 2.65602E-08 2.65741E-08 2.65877E-08 2.66004E-08 % krypton
0.00000E+00 8.28595E-08 1.00239E-07 1.06277E-07 1.09616E-07 1.11758E-07 1.13218E-07 1.14248E-07 1.14997E-07 1.15559E-07 1.15987E-07 % xenon
0.00000E+00 8.59102E-24 5.70671E-23 1.95186E-22 4.94285E-22 1.03437E-21 1.89769E-21 3.16647E-21 4.92253E-21 7.24716E-21 1.02208E-20 % radon
0.00000E+00 1.05911E-14 2.16136E-14 3.27358E-14 4.39640E-14 5.52909E-14 6.66523E-14 7.80959E-14 8.96086E-14 1.01207E-13 1.12883E-13 % lost data
7.93476E-02 7.93484E-02 7.93489E-02 7.93495E-02 7.93500E-02 7.93506E-02 7.93511E-02 7.93516E-02 7.93521E-02 7.93527E-02 7.93532E-02 % total
];

MAT_fuel_MDENS = [
1.45180E+00 1.45140E+00 1.45100E+00 1.45059E+00 1.45018E+00 1.44976E+00 1.44934E+00 1.44891E+00 1.44849E+00 1.44805E+00 1.44762E+00 % Th232
0.00000E+00 2.88235E-06 2.95019E-06 2.98175E-06 3.01479E-06 3.04561E-06 3.06968E-06 3.09389E-06 3.12014E-06 3.14399E-06 3.16543E-06 % Th233
0.00000E+00 3.41592E-10 1.42549E-09 2.83051E-09 4.34364E-09 5.90315E-09 7.46470E-09 9.05609E-09 1.06527E-08 1.22580E-08 1.38863E-08 % Pa232
0.00000E+00 3.77532E-04 7.37893E-04 1.07503E-03 1.39087E-03 1.68671E-03 1.96322E-03 2.22185E-03 2.46422E-03 2.69126E-03 2.90382E-03 % Pa233
0.00000E+00 8.67333E-08 1.88479E-07 2.83696E-07 3.74420E-07 4.61128E-07 5.41218E-07 6.18414E-07 6.92315E-07 7.60747E-07 8.26668E-07 % Pa234
0.00000E+00 9.63384E-10 3.11154E-09 7.26013E-09 1.37108E-08 2.25534E-08 3.38138E-08 4.75083E-08 6.36433E-08 8.22243E-08 1.03254E-07 % U232
2.81893E-02 2.78035E-02 2.74460E-02 2.71152E-02 2.68095E-02 2.65272E-02 2.62668E-02 2.60270E-02 2.58064E-02 2.56038E-02 2.54181E-02 % U233
0.00000E+00 4.35074E-05 8.86676E-05 1.35200E-04 1.83022E-04 2.32077E-04 2.82236E-04 3.33446E-04 3.85681E-04 4.38848E-04 4.92907E-04 % U234
0.00000E+00 9.25973E-08 3.80861E-07 8.71507E-07 1.57135E-06 2.48580E-06 3.62017E-06 4.97691E-06 6.55983E-06 8.37368E-06 1.04222E-05 % U235
0.00000E+00 7.16783E-11 5.92937E-10 2.05190E-09 4.96857E-09 9.89247E-09 1.73949E-08 2.80736E-08 4.25386E-08 6.14318E-08 8.53996E-08 % U236
7.47856E-06 7.13323E-06 6.79900E-06 6.47649E-06 6.16545E-06 5.86612E-06 5.57856E-06 5.30222E-06 5.03739E-06 4.78365E-06 4.54079E-06 % Pu239
0.00000E+00 1.94512E-07 2.11462E-07 2.14338E-07 2.16086E-07 2.17610E-07 2.18819E-07 2.20149E-07 2.21194E-07 2.22167E-07 2.22966E-07 % helium
0.00000E+00 1.29103E-07 1.40493E-07 1.43031E-07 1.44864E-07 1.46552E-07 1.48096E-07 1.49563E-07 1.50941E-07 1.52277E-07 1.53537E-07 % neon
0.00000E+00 3.49959E-06 3.72527E-06 3.74452E-06 3.74816E-06 3.75051E-06 3.75267E-06 3.75470E-06 3.75666E-06 3.75858E-06 3.76037E-06 % krypton
0.00000E+00 1.85096E-05 2.23496E-05 2.36723E-05 2.44018E-05 2.48692E-05 2.51879E-05 2.54125E-05 2.55760E-05 2.56987E-05 2.57920E-05 % xenon
0.00000E+00 3.13882E-21 2.08498E-20 7.13113E-20 1.80586E-19 3.77902E-19 6.93314E-19 1.15686E-18 1.79842E-18 2.64771E-18 3.73412E-18 % radon
0.00000E+00 0.00000E+00 0.00000E+00 0.00000E+00 0.00000E+00 0.00000E+00 0.00000E+00 0.00000E+00 0.00000E+00 0.00000E+00 0.00000E+00 % lost data
3.33040E+00 3.33036E+00 3.33030E+00 3.33022E+00 3.33015E+00 3.33008E+00 3.33001E+00 3.32993E+00 3.32986E+00 3.32979E+00 3.32971E+00 % total
];

