
ZAI = [
902320
902330
912320
912330
912340
922320
922330
922340
922350
922360
942390
2
10
36
54
86
666
0
];



MAT_fuel_VOLUME = [ 1.95057E+07 1.95057E+07 1.95057E+07 1.95057E+07 1.95057E+07 1.95057E+07 1.95057E+07 1.95057E+07 1.95057E+07 1.95057E+07 1.95057E+07 ];

MAT_fuel_BURNUP = [ 0.00000E+00 0.00000E+00 0.00000E+00 0.00000E+00 0.00000E+00 0.00000E+00 0.00000E+00 0.00000E+00 0.00000E+00 0.00000E+00 0.00000E+00 ];

MAT_fuel_ADENS = [
3.76782E-03 3.76753E-03 3.76724E-03 3.76694E-03 3.76664E-03 3.76634E-03 3.76604E-03 3.76574E-03 3.76544E-03 3.76514E-03 3.76484E-03 % Th232
0.00000E+00 2.12108E-09 2.14746E-09 2.15395E-09 2.15994E-09 2.16661E-09 2.17362E-09 2.17759E-09 2.18322E-09 2.18822E-09 2.19353E-09 % Th233
0.00000E+00 7.21513E-14 2.99411E-13 5.91722E-13 9.02896E-13 1.22036E-12 1.54160E-12 1.86297E-12 2.18639E-12 2.50894E-12 2.83341E-12 % Pa232
0.00000E+00 2.77985E-07 5.40620E-07 7.84508E-07 1.01096E-06 1.22138E-06 1.41699E-06 1.59852E-06 1.76722E-06 1.92397E-06 2.06971E-06 % Pa233
0.00000E+00 1.81017E-11 3.86729E-11 5.76737E-11 7.53001E-11 9.17936E-11 1.07596E-10 1.21633E-10 1.35220E-10 1.47866E-10 1.59351E-10 % Pa234
0.00000E+00 6.31190E-13 1.52084E-12 2.82491E-12 4.61260E-12 6.89401E-12 9.68073E-12 1.29691E-11 1.67585E-11 2.10604E-11 2.58662E-11 % U232
7.28447E-05 7.25593E-05 7.22946E-05 7.20495E-05 7.18224E-05 7.16122E-05 7.14175E-05 7.12374E-05 7.10707E-05 7.09166E-05 7.07741E-05 % U233
0.00000E+00 3.17100E-08 6.38369E-08 9.62510E-08 1.28913E-07 1.61806E-07 1.94938E-07 2.28263E-07 2.61777E-07 2.95485E-07 3.29330E-07 % U234
0.00000E+00 1.92056E-11 7.83639E-11 1.77172E-10 3.16472E-10 4.96186E-10 7.17677E-10 9.79416E-10 1.28403E-09 1.62950E-09 2.01666E-09 % U235
0.00000E+00 4.25572E-15 3.45843E-14 1.17748E-13 2.80810E-13 5.51444E-13 9.57854E-13 1.52825E-12 2.29171E-12 3.27698E-12 4.51297E-12 % U236
1.88395E-08 1.85876E-08 1.83377E-08 1.80904E-08 1.78456E-08 1.76033E-08 1.73637E-08 1.71267E-08 1.68922E-08 1.66606E-08 1.64315E-08 % Pu239
0.00000E+00 8.35083E-09 9.01925E-09 9.08521E-09 9.10964E-09 9.13366E-09 9.15376E-09 9.15959E-09 9.17109E-09 9.19019E-09 9.20418E-09 % helium
0.00000E+00 1.10753E-09 1.19455E-09 1.20480E-09 1.20928E-09 1.21342E-09 1.21694E-09 1.22037E-09 1.22344E-09 1.22633E-09 1.22914E-09 % neon
0.00000E+00 7.09987E-09 7.55647E-09 7.59220E-09 7.59617E-09 7.59773E-09 7.59916E-09 7.60030E-09 7.60143E-09 7.60256E-09 7.60351E-09 % krypton
0.00000E+00 2.29360E-08 2.77924E-08 2.94973E-08 3.04380E-08 3.10375E-08 3.14404E-08 3.17223E-08 3.19236E-08 3.20712E-08 3.21832E-08 % xenon
0.00000E+00 2.38142E-24 1.34618E-23 3.77998E-23 8.11627E-23 1.50033E-22 2.51061E-22 3.90967E-22 5.76415E-22 8.14068E-22 1.11062E-21 % radon
0.00000E+00 3.01486E-15 6.10944E-15 9.20735E-15 1.23126E-14 1.54287E-14 1.85622E-14 2.16870E-14 2.48224E-14 2.79778E-14 3.11352E-14 % lost data
7.93476E-02 7.93478E-02 7.93480E-02 7.93482E-02 7.93483E-02 7.93485E-02 7.93486E-02 7.93488E-02 7.93489E-02 7.93491E-02 7.93492E-02 % total
];

MAT_fuel_MDENS = [
1.45180E+00 1.45169E+00 1.45157E+00 1.45146E+00 1.45134E+00 1.45123E+00 1.45111E+00 1.45100E+00 1.45088E+00 1.45077E+00 1.45065E+00 % Th232
0.00000E+00 8.20818E-07 8.31025E-07 8.33541E-07 8.35858E-07 8.38438E-07 8.41151E-07 8.42688E-07 8.44867E-07 8.46799E-07 8.48854E-07 % Th233
0.00000E+00 2.78010E-11 1.15368E-10 2.27999E-10 3.47899E-10 4.70223E-10 5.94002E-10 7.17828E-10 8.42449E-10 9.66733E-10 1.09176E-09 % Pa232
0.00000E+00 1.07574E-04 2.09208E-04 3.03587E-04 3.91221E-04 4.72647E-04 5.48345E-04 6.18591E-04 6.83874E-04 7.44534E-04 8.00932E-04 % Pa233
0.00000E+00 7.03511E-09 1.50300E-08 2.24146E-08 2.92650E-08 3.56751E-08 4.18164E-08 4.72718E-08 5.25523E-08 5.74673E-08 6.19310E-08 % Pa234
0.00000E+00 2.43206E-10 5.85998E-10 1.08847E-09 1.77729E-09 2.65635E-09 3.73011E-09 4.99717E-09 6.45728E-09 8.11485E-09 9.96656E-09 % U232
2.81893E-02 2.80788E-02 2.79764E-02 2.78815E-02 2.77937E-02 2.77123E-02 2.76370E-02 2.75673E-02 2.75028E-02 2.74431E-02 2.73880E-02 % U233
0.00000E+00 1.23238E-05 2.48096E-05 3.74070E-05 5.01006E-05 6.28843E-05 7.57608E-05 8.87124E-05 1.01737E-04 1.14837E-04 1.27991E-04 % U234
0.00000E+00 7.49604E-09 3.05859E-08 6.91513E-08 1.23521E-07 1.93664E-07 2.80114E-07 3.82272E-07 5.01164E-07 6.36003E-07 7.87114E-07 % U235
0.00000E+00 1.66811E-12 1.35560E-11 4.61536E-11 1.10069E-10 2.16149E-10 3.75449E-10 5.99027E-10 8.98281E-10 1.28447E-09 1.76894E-09 % U236
7.47856E-06 7.37855E-06 7.27937E-06 7.18121E-06 7.08401E-06 6.98782E-06 6.89274E-06 6.79863E-06 6.70557E-06 6.61361E-06 6.52267E-06 % Pu239
0.00000E+00 5.55034E-08 5.99445E-08 6.03812E-08 6.05419E-08 6.06999E-08 6.08319E-08 6.08690E-08 6.09438E-08 6.10691E-08 6.11604E-08 % helium
0.00000E+00 3.67687E-08 3.96575E-08 3.99978E-08 4.01466E-08 4.02839E-08 4.04010E-08 4.05147E-08 4.06167E-08 4.07127E-08 4.08060E-08 % neon
0.00000E+00 1.00403E-06 1.06826E-06 1.07328E-06 1.07384E-06 1.07406E-06 1.07427E-06 1.07443E-06 1.07459E-06 1.07475E-06 1.07488E-06 % krypton
0.00000E+00 5.12104E-06 6.19351E-06 6.56689E-06 6.77229E-06 6.90307E-06 6.99090E-06 7.05234E-06 7.09618E-06 7.12835E-06 7.15276E-06 % xenon
0.00000E+00 8.70084E-22 4.91841E-21 1.38104E-20 2.96531E-20 5.48147E-20 9.17250E-20 1.42839E-19 2.10592E-19 2.97417E-19 4.05761E-19 % radon
0.00000E+00 0.00000E+00 0.00000E+00 0.00000E+00 0.00000E+00 0.00000E+00 0.00000E+00 0.00000E+00 0.00000E+00 0.00000E+00 0.00000E+00 % lost data
3.33040E+00 3.33039E+00 3.33037E+00 3.33035E+00 3.33033E+00 3.33031E+00 3.33029E+00 3.33027E+00 3.33024E+00 3.33022E+00 3.33020E+00 % total
];

