
ZAI = [
902320
902330
912320
912330
912340
922320
922330
922340
922350
922360
942390
2
10
36
54
86
666
0
];

NAMES = [
'Th232           '
'Th233           '
'Pa232           '
'Pa233           '
'Pa234           '
'U232            '
'U233            '
'U234            '
'U235            '
'U236            '
'Pu239           '
'helium          '
'neon            '
'krypton         '
'xenon           '
'radon           '
'lost            '
'total           '
];



MAT_fuel_VOLUME = [ 1.95057E+07 1.95057E+07 1.95057E+07 1.95057E+07 1.95057E+07 1.95057E+07 1.95057E+07 1.95057E+07 1.95057E+07 1.95057E+07 1.95057E+07 ];

MAT_fuel_BURNUP = [ 0.00000E+00 0.00000E+00 0.00000E+00 0.00000E+00 0.00000E+00 0.00000E+00 0.00000E+00 0.00000E+00 0.00000E+00 0.00000E+00 0.00000E+00 ];

MAT_fuel_ADENS = [
3.76782E-03 3.76680E-03 3.76575E-03 3.76469E-03 3.76362E-03 3.76254E-03 3.76144E-03 3.76033E-03 3.75921E-03 3.75808E-03 3.75692E-03 % Th232
0.00000E+00 7.44218E-09 7.59592E-09 7.68898E-09 7.77504E-09 7.86363E-09 7.95785E-09 8.05509E-09 8.15400E-09 8.24818E-09 8.35583E-09 % Th233
0.00000E+00 2.77706E-13 5.07213E-13 5.77533E-13 6.02089E-13 6.11994E-13 6.22533E-13 6.34758E-13 6.48942E-13 6.61872E-13 6.70153E-13 % Pa232
0.00000E+00 3.55252E-07 3.87686E-07 3.94379E-07 3.98955E-07 4.03504E-07 4.08319E-07 4.13298E-07 4.18367E-07 4.23218E-07 4.28695E-07 % Pa233
0.00000E+00 6.84022E-11 8.00166E-11 8.41893E-11 8.73871E-11 9.05965E-11 9.39045E-11 9.71688E-11 1.00363E-10 1.03520E-10 1.06866E-10 % Pa234
0.00000E+00 2.24542E-12 4.99777E-12 7.95742E-12 1.09633E-11 1.39473E-11 1.69129E-11 1.98676E-11 2.28190E-11 2.57470E-11 2.86431E-11 % U232
7.28447E-05 7.18291E-05 7.08234E-05 6.98190E-05 6.88153E-05 6.78121E-05 6.68096E-05 6.58076E-05 6.48064E-05 6.38059E-05 6.28061E-05 % U233
0.00000E+00 1.11028E-07 2.22667E-07 3.34078E-07 4.45140E-07 5.55875E-07 6.66257E-07 7.76332E-07 8.86000E-07 9.95286E-07 1.10419E-06 % U234
0.00000E+00 2.36208E-10 9.60234E-10 2.17672E-09 3.88343E-09 6.07622E-09 8.78011E-09 1.19777E-08 1.56773E-08 1.98645E-08 2.45539E-08 % U235
0.00000E+00 1.82350E-13 1.49669E-12 5.14384E-12 1.23753E-11 2.44863E-11 4.28503E-11 6.89136E-11 1.04168E-10 1.50151E-10 2.08498E-10 % U236
1.88395E-08 1.79701E-08 1.71283E-08 1.63150E-08 1.55291E-08 1.47703E-08 1.40382E-08 1.33321E-08 1.26512E-08 1.19952E-08 1.13640E-08 % Pu239
0.00000E+00 3.15767E-09 3.19542E-09 3.22588E-09 3.25739E-09 3.28622E-09 3.31763E-09 3.35089E-09 3.38522E-09 3.41926E-09 3.45257E-09 % helium
0.00000E+00 4.20357E-10 4.26150E-10 4.32020E-10 4.38269E-10 4.44488E-10 4.51029E-10 4.57750E-10 4.64591E-10 4.71818E-10 4.79122E-10 % neon
0.00000E+00 4.30686E-09 4.30731E-09 4.30669E-09 4.30612E-09 4.30542E-09 4.30478E-09 4.30402E-09 4.30332E-09 4.30254E-09 4.30168E-09 % krypton
0.00000E+00 9.95933E-09 1.08353E-08 1.12730E-08 1.15419E-08 1.17177E-08 1.18373E-08 1.19210E-08 1.19814E-08 1.20256E-08 1.20584E-08 % xenon
0.00000E+00 1.65550E-24 7.37573E-24 1.77328E-23 3.28679E-23 5.27480E-23 7.72841E-23 1.06400E-22 1.40033E-22 1.78107E-22 2.20524E-22 % radon
0.00000E+00 1.05696E-14 2.14775E-14 3.25021E-14 4.36125E-14 5.47833E-14 6.60418E-14 7.73874E-14 8.88268E-14 1.00332E-13 1.11908E-13 % lost data
7.93476E-02 7.93475E-02 7.93471E-02 7.93465E-02 7.93460E-02 7.93454E-02 7.93448E-02 7.93442E-02 7.93436E-02 7.93429E-02 7.93423E-02 % total
];

MAT_fuel_MDENS = [
1.45180E+00 1.45140E+00 1.45100E+00 1.45059E+00 1.45018E+00 1.44976E+00 1.44934E+00 1.44891E+00 1.44848E+00 1.44804E+00 1.44760E+00 % Th232
0.00000E+00 2.87999E-06 2.93948E-06 2.97549E-06 3.00880E-06 3.04308E-06 3.07954E-06 3.11717E-06 3.15545E-06 3.19189E-06 3.23355E-06 % Th233
0.00000E+00 1.07004E-10 1.95437E-10 2.22532E-10 2.31994E-10 2.35810E-10 2.39871E-10 2.44582E-10 2.50047E-10 2.55029E-10 2.58220E-10 % Pa232
0.00000E+00 1.37475E-04 1.50026E-04 1.52616E-04 1.54387E-04 1.56147E-04 1.58010E-04 1.59937E-04 1.61899E-04 1.63776E-04 1.65896E-04 % Pa233
0.00000E+00 2.65841E-08 3.10980E-08 3.27197E-08 3.39625E-08 3.52098E-08 3.64954E-08 3.77641E-08 3.90055E-08 4.02326E-08 4.15329E-08 % Pa234
0.00000E+00 8.65191E-10 1.92571E-09 3.06610E-09 4.22431E-09 5.37406E-09 6.51677E-09 7.65526E-09 8.79246E-09 9.92066E-09 1.10365E-08 % U232
2.81893E-02 2.77962E-02 2.74071E-02 2.70184E-02 2.66300E-02 2.62418E-02 2.58538E-02 2.54661E-02 2.50786E-02 2.46915E-02 2.43045E-02 % U233
0.00000E+00 4.31500E-05 8.65375E-05 1.29836E-04 1.73000E-04 2.16035E-04 2.58934E-04 3.01714E-04 3.44336E-04 3.86808E-04 4.29135E-04 % U234
0.00000E+00 9.21935E-08 3.74785E-07 8.49585E-07 1.51573E-06 2.37158E-06 3.42693E-06 4.67498E-06 6.11895E-06 7.75324E-06 9.58355E-06 % U235
0.00000E+00 7.14755E-11 5.86656E-10 2.01623E-09 4.85074E-09 9.59787E-09 1.67960E-08 2.70120E-08 4.08308E-08 5.88546E-08 8.17248E-08 % U236
7.47856E-06 7.13343E-06 6.79928E-06 6.47642E-06 6.16448E-06 5.86325E-06 5.57262E-06 5.29233E-06 5.02203E-06 4.76163E-06 4.51107E-06 % Pu239
0.00000E+00 2.09872E-08 2.12375E-08 2.14393E-08 2.16482E-08 2.18393E-08 2.20474E-08 2.22680E-08 2.24955E-08 2.27212E-08 2.29421E-08 % helium
0.00000E+00 1.39553E-08 1.41476E-08 1.43425E-08 1.45500E-08 1.47565E-08 1.49736E-08 1.51967E-08 1.54238E-08 1.56638E-08 1.59063E-08 % neon
0.00000E+00 6.14407E-07 6.14469E-07 6.14381E-07 6.14299E-07 6.14199E-07 6.14107E-07 6.13998E-07 6.13898E-07 6.13787E-07 6.13664E-07 % krypton
0.00000E+00 2.22293E-06 2.41475E-06 2.51035E-06 2.56903E-06 2.60736E-06 2.63342E-06 2.65167E-06 2.66482E-06 2.67446E-06 2.68160E-06 % xenon
0.00000E+00 6.04856E-22 2.69479E-21 6.47878E-21 1.20084E-20 1.92716E-20 2.82359E-20 3.88734E-20 5.11611E-20 6.50714E-20 8.05682E-20 % radon
0.00000E+00 0.00000E+00 0.00000E+00 0.00000E+00 0.00000E+00 0.00000E+00 0.00000E+00 0.00000E+00 0.00000E+00 0.00000E+00 0.00000E+00 % lost data
3.33040E+00 3.33009E+00 3.32963E+00 3.32915E+00 3.32867E+00 3.32818E+00 3.32768E+00 3.32718E+00 3.32668E+00 3.32617E+00 3.32565E+00 % total
];

