
ZAI = [
902320
902330
912320
912330
912340
922320
922330
922340
922350
922360
942390
2
10
36
54
86
666
0
];

NAMES = [
'Th232           '
'Th233           '
'Pa232           '
'Pa233           '
'Pa234           '
'U232            '
'U233            '
'U234            '
'U235            '
'U236            '
'Pu239           '
'helium          '
'neon            '
'krypton         '
'xenon           '
'radon           '
'lost            '
'total           '
];

i902320 = 1; iTh232            = 1;
i902330 = 2; iTh233            = 2;
i912320 = 3; iPa232            = 3;
i912330 = 4; iPa233            = 4;
i912340 = 5; iPa234            = 5;
i922320 = 6; iU232             = 6;
i922330 = 7; iU233             = 7;
i922340 = 8; iU234             = 8;
i922350 = 9; iU235             = 9;
i922360 = 10; iU236             = 10;
i942390 = 11; iPu239            = 11;
i2      = 12; ihelium           = 12;
i10     = 13; ineon             = 13;
i36     = 14; ikrypton          = 14;
i54     = 15; ixenon            = 15;
i86     = 16; iradon            = 16;
iLOST    = 17;
iTOT     = 18;

MAT_fuel_VOLUME = [ 1.95057E+07 1.95057E+07 ];

MAT_fuel_BURNUP = [ 0.00000E+00 7.79611E-01 ];

MAT_fuel_ADENS = [
3.76782E-03 3.75954E-03 % Th232
0.00000E+00 1.79462E-08 % Th233
0.00000E+00 5.09601E-11 % Pa232
0.00000E+00 7.14378E-06 % Pa233
0.00000E+00 3.40403E-09 % Pa234
0.00000E+00 1.35390E-10 % U232
7.28447E-05 7.03121E-05 % U233
0.00000E+00 5.21854E-07 % U234
0.00000E+00 5.54211E-09 % U235
0.00000E+00 1.84219E-11 % U236
1.88395E-08 1.66720E-08 % Pu239
0.00000E+00 4.99916E-07 % helium
0.00000E+00 6.21160E-08 % neon
0.00000E+00 1.99958E-07 % krypton
0.00000E+00 7.82681E-07 % xenon
0.00000E+00 3.82393E-21 % radon
0.00000E+00 1.56210E-13 % lost data
7.93476E-02 7.93511E-02 % total
];

MAT_fuel_MDENS = [
1.45180E+00 1.44861E+00 % Th232
0.00000E+00 6.94487E-06 % Th233
0.00000E+00 1.96357E-08 % Pa232
0.00000E+00 2.76449E-03 % Pa233
0.00000E+00 1.32296E-06 % Pa234
0.00000E+00 5.21674E-08 % U232
2.81893E-02 2.72092E-02 % U233
0.00000E+00 2.02813E-04 % U234
0.00000E+00 2.16312E-06 % U235
0.00000E+00 7.22081E-09 % U236
7.47856E-06 6.61815E-06 % Pu239
0.00000E+00 3.32268E-06 % helium
0.00000E+00 2.06217E-06 % neon
0.00000E+00 2.81661E-05 % krypton
0.00000E+00 1.74628E-04 % xenon
0.00000E+00 1.39709E-18 % radon
0.00000E+00 0.00000E+00 % lost data
3.33040E+00 3.33040E+00 % total
];

MAT_fuel_A = [
1.14894E+11 1.14642E+11 % Th232
0.00000E+00 1.85249E+20 % Th233
0.00000E+00 6.08740E+15 % Pa232
0.00000E+00 4.14419E+19 % Pa233
0.00000E+00 1.90811E+18 % Pa234
0.00000E+00 8.41879E+11 % U232
1.96037E+14 1.89222E+14 % U233
0.00000E+00 9.10711E+11 % U234
0.00000E+00 3.37277E+06 % U235
0.00000E+00 3.37001E+05 % U236
3.34777E+11 2.96261E+11 % Pu239
0.00000E+00 8.22215E+17 % helium
0.00000E+00 0.00000E+00 % neon
0.00000E+00 1.71240E+19 % krypton
0.00000E+00 1.58803E+19 % xenon
0.00000E+00 1.06280E+09 % radon
0.00000E+00 0.00000E+00 % lost data
1.96487E+14 5.35217E+20 % total
];

MAT_fuel_H = [
7.50659E-02 7.49009E-02 % Th232
0.00000E+00 1.33544E+07 % Th233
0.00000E+00 1.07478E+03 % Pa232
0.00000E+00 2.71815E+06 % Pa233
0.00000E+00 4.47273E+05 % Pa234
0.00000E+00 7.29609E-01 % U232
1.54170E+02 1.48810E+02 % U233
0.00000E+00 7.08223E-01 % U234
0.00000E+00 2.49256E-06 % U235
0.00000E+00 2.46522E-07 % U236
2.81127E-01 2.48783E-01 % Pu239
0.00000E+00 3.08108E+05 % helium
0.00000E+00 0.00000E+00 % neon
0.00000E+00 6.92210E+06 % krypton
0.00000E+00 4.19061E+06 % xenon
0.00000E+00 1.10892E-03 % radon
0.00000E+00 0.00000E+00 % lost data
1.54526E+02 1.29496E+08 % total
];

MAT_fuel_SF = [
1.14894E+00 1.14642E+00 % Th232
0.00000E+00 0.00000E+00 % Th233
0.00000E+00 0.00000E+00 % Pa232
0.00000E+00 0.00000E+00 % Pa233
0.00000E+00 0.00000E+00 % Pa234
0.00000E+00 7.57691E-01 % U232
0.00000E+00 0.00000E+00 % U233
0.00000E+00 1.54821E+01 % U234
0.00000E+00 2.42839E-04 % U235
0.00000E+00 3.03300E-04 % U236
1.03781E+00 9.18408E-01 % Pu239
0.00000E+00 0.00000E+00 % helium
0.00000E+00 0.00000E+00 % neon
0.00000E+00 0.00000E+00 % krypton
0.00000E+00 0.00000E+00 % xenon
0.00000E+00 0.00000E+00 % radon
0.00000E+00 0.00000E+00 % lost data
2.18675E+00 2.89671E+03 % total
];

MAT_fuel_GSRC = [
8.42022E+09 8.40171E+09 % Th232
0.00000E+00 3.89798E+19 % Th233
0.00000E+00 1.11676E+16 % Pa232
0.00000E+00 5.49840E+19 % Pa233
0.00000E+00 0.00000E+00 % Pa234
0.00000E+00 9.28656E+10 % U232
0.00000E+00 0.00000E+00 % U233
0.00000E+00 9.09833E+10 % U234
0.00000E+00 4.09838E+06 % U235
0.00000E+00 3.04692E+04 % U236
1.46907E+10 1.30005E+10 % Pu239
0.00000E+00 0.00000E+00 % helium
0.00000E+00 0.00000E+00 % neon
0.00000E+00 1.72937E+19 % krypton
0.00000E+00 1.45122E+19 % xenon
0.00000E+00 1.36952E+06 % radon
0.00000E+00 0.00000E+00 % lost data
2.31109E+10 3.36895E+20 % total
];

MAT_fuel_ING_TOX = [
2.64256E+04 2.63676E+04 % Th232
0.00000E+00 3.33448E+10 % Th233
0.00000E+00 4.38293E+06 % Pa232
0.00000E+00 3.60545E+10 % Pa233
0.00000E+00 9.73137E+08 % Pa234
0.00000E+00 2.77820E+05 % U232
9.99790E+06 9.65031E+06 % U233
0.00000E+00 4.46248E+04 % U234
0.00000E+00 1.58520E-01 % U235
0.00000E+00 1.58390E-02 % U236
8.36943E+04 7.40652E+04 % Pu239
0.00000E+00 1.23332E+07 % helium
0.00000E+00 0.00000E+00 % neon
0.00000E+00 1.84516E+12 % krypton
0.00000E+00 1.97466E+12 % xenon
0.00000E+00 1.76422E+02 % radon
0.00000E+00 0.00000E+00 % lost data
1.01080E+07 6.02772E+12 % total
];

MAT_fuel_INH_TOX = [
1.26383E+07 1.26106E+07 % Th232
0.00000E+00 3.33448E+10 % Th233
0.00000E+00 6.08740E+07 % Pa232
0.00000E+00 1.61623E+11 % Pa233
0.00000E+00 7.63244E+08 % Pa234
0.00000E+00 3.11495E+07 % U232
1.88196E+09 1.81653E+09 % U233
0.00000E+00 8.56068E+06 % U234
0.00000E+00 2.86685E+01 % U235
0.00000E+00 2.93190E+00 % U236
4.01732E+07 3.55513E+07 % Pu239
0.00000E+00 6.00217E+06 % helium
0.00000E+00 0.00000E+00 % neon
0.00000E+00 9.74559E+11 % krypton
0.00000E+00 1.51689E+12 % xenon
0.00000E+00 4.94094E+02 % radon
0.00000E+00 0.00000E+00 % lost data
1.93477E+09 5.91688E+12 % total
];

TOT_VOLUME = [ 1.95057E+07 1.95057E+07 ];

TOT_BURNUP = [ 0.00000E+00 7.79611E-01 ];

TOT_ADENS = [
3.76782E-03 3.75954E-03 % Th232
0.00000E+00 1.79462E-08 % Th233
0.00000E+00 5.09601E-11 % Pa232
0.00000E+00 7.14378E-06 % Pa233
0.00000E+00 3.40403E-09 % Pa234
0.00000E+00 1.35390E-10 % U232
7.28447E-05 7.03121E-05 % U233
0.00000E+00 5.21854E-07 % U234
0.00000E+00 5.54211E-09 % U235
0.00000E+00 1.84219E-11 % U236
1.88395E-08 1.66720E-08 % Pu239
0.00000E+00 4.99916E-07 % helium
0.00000E+00 6.21160E-08 % neon
0.00000E+00 1.99958E-07 % krypton
0.00000E+00 7.82681E-07 % xenon
0.00000E+00 3.82393E-21 % radon
0.00000E+00 1.56210E-13 % lost data
7.93476E-02 7.93511E-02 % total
];

TOT_MASS = [
2.83183E+07 2.82561E+07 % Th232
0.00000E+00 1.35464E+02 % Th233
0.00000E+00 3.83008E-01 % Pa232
0.00000E+00 5.39232E+04 % Pa233
0.00000E+00 2.58052E+01 % Pa234
0.00000E+00 1.01756E+00 % U232
5.49851E+05 5.30735E+05 % U233
0.00000E+00 3.95602E+03 % U234
0.00000E+00 4.21931E+01 % U235
0.00000E+00 1.40847E-01 % U236
1.45875E+02 1.29092E+02 % Pu239
0.00000E+00 6.48112E+01 % helium
0.00000E+00 4.02241E+01 % neon
0.00000E+00 5.49400E+02 % krypton
0.00000E+00 3.40623E+03 % xenon
0.00000E+00 2.72512E-11 % radon
0.00000E+00 0.00000E+00 % lost data
6.49618E+07 6.49618E+07 % total
];

TOT_A = [
1.14894E+11 1.14642E+11 % Th232
0.00000E+00 1.85249E+20 % Th233
0.00000E+00 6.08740E+15 % Pa232
0.00000E+00 4.14419E+19 % Pa233
0.00000E+00 1.90811E+18 % Pa234
0.00000E+00 8.41879E+11 % U232
1.96037E+14 1.89222E+14 % U233
0.00000E+00 9.10711E+11 % U234
0.00000E+00 3.37277E+06 % U235
0.00000E+00 3.37001E+05 % U236
3.34777E+11 2.96261E+11 % Pu239
0.00000E+00 8.22215E+17 % helium
0.00000E+00 0.00000E+00 % neon
0.00000E+00 1.71240E+19 % krypton
0.00000E+00 1.58803E+19 % xenon
0.00000E+00 1.06280E+09 % radon
0.00000E+00 0.00000E+00 % lost data
1.96487E+14 5.35217E+20 % total
];

