
DETspectralFuel = [
    1    1    1    1    1    1    1    1    1    1  3.57248E-05 0.02426 
    2    2    1    1    1    1    1    1    1    1  8.78484E-04 0.00741 
    3    3    1    1    1    1    1    1    1    1  1.13914E-03 0.00801 
    4    4    1    1    1    1    1    1    1    1  1.60331E-03 0.00752 
    5    5    1    1    1    1    1    1    1    1  1.59760E-03 0.00739 
    6    6    1    1    1    1    1    1    1    1  2.94859E-03 0.00636 
    7    7    1    1    1    1    1    1    1    1  6.37417E-03 0.00436 
    8    8    1    1    1    1    1    1    1    1  8.10577E-03 0.00399 
    9    9    1    1    1    1    1    1    1    1  9.86527E-03 0.00361 
   10   10    1    1    1    1    1    1    1    1  2.50622E-02 0.00258 
   11   11    1    1    1    1    1    1    1    1  3.20124E-02 0.00229 
   12   12    1    1    1    1    1    1    1    1  1.09460E-01 0.00147 
   13   13    1    1    1    1    1    1    1    1  1.49967E-01 0.00132 
   14   14    1    1    1    1    1    1    1    1  1.68243E+00 0.00070 
   15   15    1    1    1    1    1    1    1    1  7.38280E-01 0.00080 
   16   16    1    1    1    1    1    1    1    1  1.83852E+00 0.00067 
   17   17    1    1    1    1    1    1    1    1  2.12540E+00 0.00062 
   18   18    1    1    1    1    1    1    1    1  2.33018E+00 0.00061 
   19   19    1    1    1    1    1    1    1    1  2.47029E+00 0.00059 
   20   20    1    1    1    1    1    1    1    1  2.55305E+00 0.00058 
   21   21    1    1    1    1    1    1    1    1  2.59034E+00 0.00057 
   22   22    1    1    1    1    1    1    1    1  2.59246E+00 0.00057 
   23   23    1    1    1    1    1    1    1    1  6.31448E+00 0.00050 
   24   24    1    1    1    1    1    1    1    1  5.86352E+00 0.00050 
   25   25    1    1    1    1    1    1    1    1  5.27270E+00 0.00050 
   26   26    1    1    1    1    1    1    1    1  4.64333E+00 0.00052 
   27   27    1    1    1    1    1    1    1    1  4.03118E+00 0.00051 
   28   28    1    1    1    1    1    1    1    1  3.46833E+00 0.00053 
   29   29    1    1    1    1    1    1    1    1  2.96947E+00 0.00054 
   30   30    1    1    1    1    1    1    1    1  2.54129E+00 0.00056 
   31   31    1    1    1    1    1    1    1    1  2.17706E+00 0.00058 
   32   32    1    1    1    1    1    1    1    1  1.87173E+00 0.00059 
   33   33    1    1    1    1    1    1    1    1  1.61494E+00 0.00063 
   34   34    1    1    1    1    1    1    1    1  1.40100E+00 0.00064 
   35   35    1    1    1    1    1    1    1    1  2.29791E+00 0.00059 
   36   36    1    1    1    1    1    1    1    1  1.80136E+00 0.00061 
   37   37    1    1    1    1    1    1    1    1  1.45689E+00 0.00063 
   38   38    1    1    1    1    1    1    1    1  1.21250E+00 0.00067 
   39   39    1    1    1    1    1    1    1    1  5.37418E-01 0.00087 
   40   40    1    1    1    1    1    1    1    1  5.00660E-01 0.00089 
   41   41    1    1    1    1    1    1    1    1  9.10085E-01 0.00071 
   42   42    1    1    1    1    1    1    1    1  8.11381E-01 0.00074 
   43   43    1    1    1    1    1    1    1    1  7.35737E-01 0.00079 
   44   44    1    1    1    1    1    1    1    1  6.73960E-01 0.00079 
   45   45    1    1    1    1    1    1    1    1  6.23292E-01 0.00084 
   46   46    1    1    1    1    1    1    1    1  2.95181E-01 0.00109 
   47   47    1    1    1    1    1    1    1    1  2.85742E-01 0.00110 
   48   48    1    1    1    1    1    1    1    1  2.76627E-01 0.00109 
   49   49    1    1    1    1    1    1    1    1  2.67892E-01 0.00114 
   50   50    1    1    1    1    1    1    1    1  1.05056E-01 0.00168 
   51   51    1    1    1    1    1    1    1    1  1.03714E-01 0.00166 
   52   52    1    1    1    1    1    1    1    1  1.02684E-01 0.00176 
   53   53    1    1    1    1    1    1    1    1  1.01200E-01 0.00171 
   54   54    1    1    1    1    1    1    1    1  9.99991E-02 0.00166 
   55   55    1    1    1    1    1    1    1    1  9.90583E-02 0.00173 
   56   56    1    1    1    1    1    1    1    1  9.78761E-02 0.00178 
   57   57    1    1    1    1    1    1    1    1  9.68659E-02 0.00175 
   58   58    1    1    1    1    1    1    1    1  9.56750E-02 0.00169 
   59   59    1    1    1    1    1    1    1    1  9.46537E-02 0.00177 
   60   60    1    1    1    1    1    1    1    1  9.35652E-02 0.00181 
   61   61    1    1    1    1    1    1    1    1  9.25133E-02 0.00176 
   62   62    1    1    1    1    1    1    1    1  9.18807E-02 0.00177 
   63   63    1    1    1    1    1    1    1    1  9.10943E-02 0.00183 
   64   64    1    1    1    1    1    1    1    1  8.99757E-02 0.00186 
   65   65    1    1    1    1    1    1    1    1  2.21832E-01 0.00119 
   66   66    1    1    1    1    1    1    1    1  2.16743E-01 0.00123 
   67   67    1    1    1    1    1    1    1    1  2.11897E-01 0.00122 
   68   68    1    1    1    1    1    1    1    1  2.07137E-01 0.00124 
   69   69    1    1    1    1    1    1    1    1  4.01839E-01 0.00096 
   70   70    1    1    1    1    1    1    1    1  3.85467E-01 0.00096 
   71   71    1    1    1    1    1    1    1    1  3.69541E-01 0.00098 
   72   72    1    1    1    1    1    1    1    1  3.56021E-01 0.00098 
   73   73    1    1    1    1    1    1    1    1  3.42731E-01 0.00100 
   74   74    1    1    1    1    1    1    1    1  5.86056E-01 0.00080 
   75   75    1    1    1    1    1    1    1    1  5.51495E-01 0.00084 
   76   76    1    1    1    1    1    1    1    1  5.19548E-01 0.00084 
   77   77    1    1    1    1    1    1    1    1  4.92896E-01 0.00085 
   78   78    1    1    1    1    1    1    1    1  4.16650E-01 0.00092 
   79   79    1    1    1    1    1    1    1    1  3.00603E-01 0.00102 
   80   80    1    1    1    1    1    1    1    1  5.73104E-01 0.00080 
   81   81    1    1    1    1    1    1    1    1  4.08918E-01 0.00092 
   82   82    1    1    1    1    1    1    1    1  3.91973E-01 0.00093 
   83   83    1    1    1    1    1    1    1    1  3.35950E-01 0.00099 
   84   84    1    1    1    1    1    1    1    1  3.63453E-01 0.00098 
   85   85    1    1    1    1    1    1    1    1  3.87689E-01 0.00092 
   86   86    1    1    1    1    1    1    1    1  3.72626E-01 0.00091 
   87   87    1    1    1    1    1    1    1    1  3.58466E-01 0.00097 
   88   88    1    1    1    1    1    1    1    1  3.46005E-01 0.00098 
   89   89    1    1    1    1    1    1    1    1  3.33624E-01 0.00099 
   90   90    1    1    1    1    1    1    1    1  9.77531E-02 0.00169 
   91   91    1    1    1    1    1    1    1    1  1.60629E-01 0.00136 
   92   92    1    1    1    1    1    1    1    1  3.13023E-01 0.00103 
   93   93    1    1    1    1    1    1    1    1  1.02250E+00 0.00063 
   94   94    1    1    1    1    1    1    1    1  6.15321E-01 0.00075 
   95   95    1    1    1    1    1    1    1    1  6.79193E-01 0.00073 
   96   96    1    1    1    1    1    1    1    1  1.66512E+00 0.00051 
   97   97    1    1    1    1    1    1    1    1  4.94498E-01 0.00082 
   98   98    1    1    1    1    1    1    1    1  7.45760E-01 0.00068 
   99   99    1    1    1    1    1    1    1    1  1.02540E+00 0.00060 
  100  100    1    1    1    1    1    1    1    1  3.98149E-01 0.00087 
  101  101    1    1    1    1    1    1    1    1  3.77207E-01 0.00089 
  102  102    1    1    1    1    1    1    1    1  3.04079E-01 0.00091 
  103  103    1    1    1    1    1    1    1    1  3.53158E-01 0.00090 
  104  104    1    1    1    1    1    1    1    1  2.16514E-01 0.00118 
  105  105    1    1    1    1    1    1    1    1  1.29023E+00 0.00055 
  106  106    1    1    1    1    1    1    1    1  1.19519E+00 0.00054 
  107  107    1    1    1    1    1    1    1    1  9.85012E-01 0.00058 
  108  108    1    1    1    1    1    1    1    1  1.46481E+00 0.00051 
  109  109    1    1    1    1    1    1    1    1  3.55430E-01 0.00093 
